10000
20809 
-9641 
10155 
-11686 
23317 
-12366 
23927 
12574 
-8251 
-8270 
13935 
-9988 
5027 
21235 
-24871 
13756 
17214 
-13609 
16671 
-3675 
15329 
-11749 
8138 
4670 
-19239 
6245 
-3589 
-23396 
13395 
-20959 
4439 
-15794 
23519 
-15992 
3340 
-2242 
8614 
-4306 
9009 
-7194 
7891 
-7665 
-18581 
3538 
-17131 
-8082 
-22193 
-23096 
-3713 
-24503 
-8234 
4005 
2476 
-23819 
-5931 
-18788 
-6553 
11066 
-5241 
-12422 
-22049 
-24623 
8771 
6993 
-11724 
9102 
22129 
12243 
6407 
-14126 
11024 
6531 
16511 
19331 
20732 
-6171 
8257 
13454 
5795 
10589 
1453 
-23606 
9861 
-20813 
10011 
-13284 
2027 
7701 
-22165 
-5113 
-670 
12736 
18066 
18938 
13201 
7723 
23094 
22031 
-19607 
18084 
-3848 
7371 
257 
12164 
-18686 
-12373 
8443 
19585 
-21906 
23978 
-11542 
-8689 
-15475 
-2191 
-13064 
10847 
6959 
-18671 
-4694 
-16723 
16255 
-667 
6485 
-1908 
1553 
22294 
-5209 
22343 
-4620 
15491 
-10329 
12441 
23176 
13513 
4256 
-10795 
14709 
10441 
1432 
-5264 
-18390 
7879 
-1366 
-1845 
-2839 
-18814 
4948 
5797 
20025 
7815 
-4023 
-16969 
-1521 
-10480 
-6704 
-14078 
18833 
784 
10849 
10867 
-272 
20870 
18412 
-17314 
22242 
-10118 
-21021 
24473 
-20220 
22089 
19686 
-8391 
-8277 
-18010 
7691 
-15658 
22670 
-16545 
8284 
5974 
-21005 
-15734 
-13803 
-19262 
-12193 
-3056 
-6883 
-22690 
23914 
-23650 
16542 
-6381 
-2234 
13615 
10431 
3357 
-15739 
23236 
3973 
-9214 
317 
18617 
-4305 
-16669 
-15974 
14852 
8629 
4286 
7006 
-17688 
1977 
-16774 
8753 
18419 
20883 
20839 
1818 
-7687 
11866 
-22917 
-19138 
14547 
-19820 
19938 
12193 
-5523 
2327 
20304 
-5378 
-22504 
11545 
6651 
-11028 
21196 
15655 
21277 
-6635 
16245 
5526 
24599 
21922 
11927 
-552 
-13145 
24331 
-9981 
1307 
-16420 
-23776 
2455 
19618 
13964 
19415 
-7178 
-11632 
-4893 
12473 
8587 
-14720 
20565 
335 
9962 
21562 
16012 
13975 
3835 
12083 
-4749 
18029 
-1424 
20710 
13310 
3423 
-15651 
-17613 
20546 
20436 
-8202 
-16475 
-14741 
880 
9730 
15684 
4552 
21457 
-2764 
-10740 
-905 
16004 
-10713 
-4934 
-15868 
-13556 
1225 
-10457 
-5725 
-17505 
19572 
7395 
10142 
-12864 
7858 
-13388 
5382 
-9731 
-14201 
-1497 
14151 
-12450 
-12881 
-10378 
13995 
-21705 
-9206 
7205 
-15260 
9213 
6946 
-16081 
-15853 
-15429 
-17249 
10349 
-7186 
11503 
-12761 
1766 
15590 
489 
6 
-16209 
11589 
11876 
-14343 
-7799 
-4806 
-4189 
-16589 
-23297 
-18193 
-7500 
3065 
-22597 
-2644 
281 
-11912 
24973 
-3067 
-15703 
1644 
10698 
8515 
19086 
-1693 
-11959 
3842 
9163 
8807 
24769 
-7952 
-23631 
-16874 
-7636 
-382 
-13372 
2678 
5582 
20900 
11127 
-16558 
20869 
21667 
-5972 
11995 
18309 
-16026 
-17741 
23345 
-8788 
-21761 
-11266 
-17716 
9812 
-7550 
12684 
16303 
-7397 
-19060 
1100 
705 
-4996 
-12946 
14318 
-6470 
-23149 
-20720 
-20380 
13215 
-19105 
23100 
19011 
-18104 
-13269 
20526 
21974 
-2068 
-3292 
-7710 
24028 
11818 
11483 
-873 
-15637 
2606 
-13926 
22869 
9202 
810 
-6368 
15853 
23826 
5853 
7603 
15041 
21955 
-23613 
5714 
-6819 
-22864 
11724 
-14588 
-2530 
22692 
-6093 
3780 
-8121 
-13761 
-11388 
1269 
19140 
-12842 
11564 
-370 
-19562 
-13685 
-3543 
4487 
5362 
-15207 
-7470 
-18027 
-5053 
-19338 
9510 
-19507 
21539 
21858 
6988 
-21709 
16955 
1063 
-24343 
7688 
-2074 
1419 
-11684 
-1018 
15233 
-9712 
-23042 
2490 
-19322 
21595 
-1044 
-23503 
12035 
149 
-14058 
7147 
2197 
5921 
-22019 
1691 
-23437 
3169 
-6196 
6309 
18222 
20989 
-6664 
-7095 
-12134 
-15351 
-21442 
863 
-20103 
20055 
17050 
22503 
-17528 
-24782 
20564 
22886 
-14218 
214 
-21357 
-19364 
-18896 
-19892 
20820 
10251 
-23744 
-6084 
2290 
-5908 
22992 
-1380 
23296 
24415 
23636 
-1879 
21224 
-20558 
-502 
-8155 
14532 
19060 
-9504 
-20588 
-4259 
6900 
-13738 
-8710 
-21330 
16408 
5103 
9572 
-13232 
22436 
-1309 
-20627 
3854 
5201 
-13352 
4548 
23126 
-1892 
6656 
9692 
23689 
-15559 
13300 
-11371 
1025 
9023 
-20203 
-19392 
7741 
4631 
24874 
7449 
7641 
-18783 
13686 
-23029 
-23324 
21065 
17893 
24066 
-12086 
-3514 
-18513 
-19899 
2567 
17154 
-20597 
62 
-8494 
-21902 
21897 
-2466 
19395 
-21882 
-4506 
16494 
-8223 
932 
-8692 
20885 
-5171 
10268 
-21364 
12167 
16794 
2701 
-14401 
-12993 
-2933 
13492 
10643 
6744 
-7737 
20767 
12541 
-106 
13540 
11311 
19519 
15892 
2503 
21498 
16915 
5232 
-14906 
10717 
21945 
14439 
10620 
6494 
-19 
3996 
-3718 
10878 
-21351 
-15126 
-7110 
-2069 
128 
17458 
-10151 
-9918 
16065 
21821 
8245 
-20228 
-20113 
24675 
-21860 
10743 
-13155 
-14417 
-22954 
-2613 
-494 
17663 
16361 
-9830 
6237 
-8210 
10529 
17406 
-2772 
2141 
-4546 
-7169 
9900 
-14467 
-23404 
-8543 
12397 
-23262 
11807 
-548 
-6875 
4524 
-21828 
4766 
17770 
-6428 
-17307 
17220 
-2995 
-22022 
-10683 
13643 
-16766 
-1774 
21488 
779 
9266 
-334 
13019 
1582 
-3866 
14335 
8519 
14958 
4619 
6201 
10789 
4372 
18139 
-2493 
2096 
-22431 
2699 
-11357 
15868 
-8353 
4673 
17450 
-6278 
18531 
-9199 
-24242 
-11113 
-19969 
-9239 
3371 
-152 
-13547 
11017 
-18536 
-12370 
23073 
14989 
10450 
-10959 
15407 
19004 
-19076 
-17523 
1796 
7145 
18627 
-20684 
24710 
300 
4640 
16587 
13937 
-16710 
-15336 
-1672 
-23156 
8486 
9620 
-12174 
-4429 
-14068 
10805 
-14722 
-4248 
8178 
-16727 
-14558 
-967 
6752 
-5906 
6585 
-21306 
24721 
14827 
-8394 
17750 
17128 
18226 
-7572 
2834 
-23918 
15306 
-12806 
-15024 
-13042 
-6967 
1467 
12759 
158 
7791 
22334 
17373 
-21314 
6972 
14677 
-18470 
-24319 
709 
-15037 
-16396 
24153 
-10088 
18839 
21321 
15121 
-13830 
272 
25026 
33 
-3426 
20591 
-4491 
-19058 
13085 
-4171 
24223 
23063 
-9819 
15780 
-23315 
-11309 
-22880 
-20834 
5387 
8495 
7045 
25003 
-16527 
21312 
22469 
8192 
24797 
-21187 
-17429 
-13222 
11116 
-2012 
23273 
19077 
2050 
-20743 
-5961 
17399 
15862 
4090 
-18739 
-24458 
-22988 
-10176 
-14727 
1346 
6713 
18891 
7377 
-6986 
-14539 
-20175 
-13112 
-3012 
19040 
-19097 
-5726 
-24173 
23380 
22925 
8890 
2720 
-8741 
14887 
-8402 
-6218 
9446 
-1084 
4509 
14053 
-10049 
-8927 
-14892 
-12204 
-16112 
16191 
-14217 
-14897 
11552 
-20189 
9806 
6064 
3091 
-9289 
2226 
19856 
-12224 
-23047 
-10897 
4501 
24933 
-16979 
-22224 
21005 
-21216 
-7866 
-8812 
23663 
4094 
-10755 
13027 
-3502 
-16781 
13543 
-16859 
15017 
7345 
528 
15535 
-20593 
-21455 
-17803 
-3300 
24700 
16040 
-9368 
16090 
17945 
243 
24283 
-10053 
-9282 
135 
-7815 
3177 
1330 
-2236 
16971 
-4078 
-18473 
-12983 
16612 
23641 
24986 
-19567 
13863 
-13981 
-12017 
24856 
10929 
1758 
-10080 
4176 
-2186 
13946 
6687 
10748 
-20523 
-3013 
-16162 
-14447 
-5561 
689 
17886 
17578 
21287 
4988 
-11572 
9401 
3243 
10411 
-6063 
-5883 
-7200 
-15344 
14564 
-1622 
19437 
-12481 
-21466 
3174 
20988 
21062 
16594 
-6839 
-8681 
14596 
-8972 
3153 
-6364 
-19848 
1662 
18552 
10149 
-7160 
21754 
-6097 
-23049 
7016 
-20253 
-22729 
3508 
3829 
-10416 
-693 
-24640 
7256 
18266 
25097 
4624 
-400 
-17013 
-19707 
-22770 
-18274 
14738 
-10229 
-12014 
5899 
-611 
8844 
-14764 
-4294 
-3951 
-950 
-21523 
13057 
10885 
16532 
-2578 
-11803 
3128 
-19725 
17168 
-10297 
25153 
-4082 
165 
16745 
-8652 
-24894 
-3449 
11593 
21385 
11147 
20822 
21031 
20920 
-16846 
10457 
-15626 
-9339 
-22209 
19739 
-3832 
-19235 
-23281 
-13650 
12501 
13988 
22728 
-3930 
-12754 
18546 
-3396 
15644 
23332 
11304 
18411 
361 
-15450 
13484 
22643 
-12839 
-22732 
19288 
-18070 
-7302 
-20740 
-23892 
-6336 
-20867 
-15405 
-6930 
-21322 
-16681 
3396 
-9976 
6290 
8832 
9721 
-12656 
-5298 
-3180 
-1772 
-11812 
22513 
-22853 
11224 
7486 
-24731 
15866 
-2227 
-20931 
1733 
9646 
-3765 
-14640 
-3418 
-21133 
18443 
-14532 
-3787 
-6658 
22225 
19339 
21390 
891 
-20486 
-23564 
-1250 
-3480 
-19551 
-8146 
-3967 
-19813 
-14299 
-5874 
24618 
19003 
6024 
-12103 
21801 
-4665 
23605 
-10091 
-11224 
-13634 
-14562 
-13111 
261 
-15599 
11060 
21511 
5789 
-18379 
-7443 
-14095 
-1897 
-3812 
-3383 
22589 
21548 
-10254 
19876 
-9272 
18007 
-16065 
11862 
20346 
11868 
-8968 
-24087 
-3141 
12835 
14631 
15275 
18365 
22369 
-588 
20792 
14606 
-14313 
-22970 
9451 
-5085 
4247 
-15790 
-19203 
-17694 
-6403 
7360 
-18180 
19465 
-4573 
-215 
-23699 
20904 
25040 
-14501 
4238 
-1120 
5529 
-24268 
-6118 
4183 
11273 
-15418 
6780 
6567 
21204 
10811 
-17409 
22522 
4071 
2060 
-11950 
6530 
7885 
-23826 
21335 
-9802 
17733 
-21851 
-15842 
16925 
-13248 
-1565 
19235 
6033 
7332 
-8326 
10533 
-1604 
4452 
-21539 
5175 
11323 
-10386 
-14601 
-17844 
-186 
7924 
10729 
-22678 
18405 
-17919 
-377 
-7855 
-6329 
7040 
-21040 
7714 
-6770 
-487 
-23708 
14089 
4150 
-3962 
24922 
-8993 
12430 
-16923 
-7361 
-17340 
2979 
15163 
2079 
21690 
-13958 
-13944 
17659 
-21424 
-21615 
-10316 
-22757 
-21345 
-16331 
21776 
24816 
19150 
-1157 
13904 
-24770 
-4584 
-23018 
11220 
-3208 
-14563 
8148 
11115 
3947 
-16746 
21359 
-17751 
-8439 
-4474 
-5789 
-525 
4405 
-23050 
16822 
-19170 
24226 
-20034 
1013 
12879 
-15120 
-24258 
-14480 
-2126 
12418 
-4890 
22751 
-24880 
-11274 
21084 
14252 
-18711 
-8398 
-13184 
2513 
-4249 
21533 
-20345 
-5776 
9033 
-13435 
23324 
21551 
13738 
-24489 
-13529 
-16001 
21711 
-17746 
-19122 
24952 
772 
14769 
-22122 
24762 
1316 
-18135 
1831 
22596 
-8764 
12494 
22319 
6980 
-18928 
-19926 
11088 
-6444 
15369 
22458 
-14065 
3707 
3891 
13501 
-2789 
18114 
19770 
-3442 
5342 
9908 
-17648 
15720 
308 
3636 
15175 
15620 
22711 
-13343 
22259 
4861 
479 
21116 
-13885 
2454 
8934 
4485 
7061 
-3683 
22059 
2324 
-23379 
-687 
-8566 
21682 
-1978 
-16745 
19095 
17833 
-6940 
22374 
-1942 
-17207 
23640 
7665 
-22500 
15426 
-1462 
-24403 
4989 
1235 
-4050 
-2516 
-5029 
22520 
10334 
-23317 
-24632 
5879 
-10876 
3257 
23804 
7177 
13696 
16287 
-3602 
4562 
-4000 
-15365 
-11244 
11379 
-18430 
11698 
7148 
21926 
16097 
-9325 
-4578 
-9249 
12240 
-5788 
1890 
-13568 
9708 
-18804 
-8961 
3419 
-15771 
-20036 
23278 
16123 
1630 
18876 
4364 
10367 
-2777 
9931 
-6484 
-10661 
-18119 
-6950 
-4101 
24270 
3207 
-22759 
-7589 
10945 
22072 
13799 
15825 
-13451 
14814 
-20917 
-65 
-1647 
8498 
19745 
14782 
1739 
15484 
6649 
-12705 
2066 
-20501 
-6493 
-254 
18905 
20702 
-12401 
12249 
12422 
16329 
-4727 
16604 
6643 
20776 
-7492 
22169 
-14838 
19725 
8812 
-7868 
-8893 
-23646 
12843 
15160 
-3976 
17921 
22190 
3777 
14798 
11553 
8305 
7866 
-10546 
-20119 
-10324 
-17251 
4661 
18585 
-4321 
-2114 
-3701 
24388 
17509 
3792 
18793 
9526 
21169 
14347 
19145 
23468 
-13836 
-12953 
11169 
-10318 
-22865 
56 
17633 
-11681 
5333 
-19050 
11283 
12768 
5414 
-18785 
19119 
-15848 
3471 
24833 
-12332 
13124 
17160 
-3099 
-15073 
10542 
23678 
14082 
17429 
20967 
-11185 
23016 
-7542 
-16855 
-7858 
22147 
-12725 
-12925 
7809 
-13954 
-22348 
-20710 
210 
19839 
590 
15105 
-23110 
-24813 
-22634 
6386 
20470 
-467 
-406 
6794 
20311 
16293 
-3472 
22280 
-21649 
19786 
7552 
23751 
-14119 
-8193 
16452 
-7286 
-19827 
24310 
-2141 
20371 
25133 
11279 
-13209 
3046 
16528 
23516 
119 
-1111 
-15006 
-12940 
14275 
-16622 
-13520 
8235 
1064 
2983 
-984 
5320 
-17632 
4376 
6923 
17238 
3965 
-15239 
-6622 
-8671 
-6766 
1089 
-17768 
-6519 
13059 
-17766 
-15753 
21328 
-12690 
1242 
10673 
16138 
12725 
463 
-11937 
-2095 
18768 
1847 
24995 
-18399 
15624 
18705 
21472 
17460 
-8898 
23506 
-20236 
-14071 
-8971 
-13805 
1248 
-20197 
-19831 
18478 
10247 
3640 
21233 
7092 
19179 
-5037 
16064 
-14760 
-16423 
-9115 
-4946 
-21979 
13629 
-4961 
-18503 
-9226 
-2997 
-14668 
-15079 
77 
-23636 
-10266 
22346 
-17700 
-4192 
-14576 
24297 
-18000 
-18296 
-9632 
-563 
24002 
-9472 
16609 
-18234 
15400 
13259 
16442 
20185 
-12613 
-4042 
-24340 
-225 
-8288 
-24867 
-23124 
-17275 
3931 
22863 
19701 
-22398 
20512 
24746 
-23718 
23381 
-13821 
1991 
18604 
-3557 
4587 
2637 
-10800 
4410 
-11540 
11826 
-15799 
11815 
11791 
-20398 
-13537 
-11957 
22883 
18459 
8024 
-18528 
8479 
-8184 
-23716 
-7729 
-16820 
18543 
6329 
-11367 
11255 
-17871 
24370 
20058 
-1742 
-539 
3592 
23234 
-23189 
-8643 
-3481 
1163 
-21162 
21532 
10001 
10906 
21103 
-13707 
13532 
9245 
-15099 
-11436 
13330 
6163 
-22708 
10838 
-15536 
21011 
-22112 
-13651 
5706 
-504 
17177 
-9675 
10993 
12610 
-16556 
-12042 
12235 
-21973 
-24299 
24163 
21751 
-11972 
9970 
15617 
6929 
19197 
-9230 
-18251 
14047 
19965 
2722 
7136 
20169 
-20355 
-7079 
18010 
-24611 
23287 
-18475 
-15138 
-3230 
-3170 
3615 
-7464 
17307 
-6378 
13894 
-6713 
-15148 
21424 
-16492 
4771 
-4500 
-17364 
4133 
2214 
-7697 
23638 
-5607 
-8663 
3955 
-16685 
11738 
12659 
-2057 
2742 
-14021 
-21339 
12903 
-14347 
-2973 
-5343 
-8069 
-14848 
-20363 
5156 
194 
6374 
4293 
10220 
-16466 
24106 
3938 
24136 
-11883 
-17762 
-6125 
23149 
-20567 
13338 
15674 
-626 
-19632 
-17861 
-1256 
21788 
7127 
25157 
-6183 
-19812 
-5791 
-20770 
-19423 
-3925 
13138 
-3774 
-13382 
-4314 
1713 
7266 
-3406 
-14235 
-10100 
-17221 
-3196 
-3736 
5092 
-16385 
23779 
-1298 
-19221 
13751 
19388 
8536 
-8970 
-18171 
-21392 
-9578 
-10998 
17365 
8461 
10284 
14922 
-5886 
-11995 
742 
-20637 
19419 
-12051 
-17361 
-19499 
-12018 
-2511 
-14420 
12337 
17875 
11829 
16852 
20223 
18755 
18488 
-12031 
-12916 
-11304 
-17074 
1038 
-16398 
-1332 
-19332 
-23211 
11041 
-10288 
18202 
533 
-5201 
-15274 
17911 
-995 
19410 
3493 
22016 
13762 
-11011 
-8258 
-17661 
11771 
-21229 
20681 
9049 
-9614 
21453 
20625 
5010 
3300 
7629 
3072 
8957 
-9518 
-24657 
19716 
22131 
9830 
-19399 
23359 
-3085 
-18789 
-49 
16829 
11667 
-9420 
-6991 
24327 
-12866 
-16536 
5600 
-15359 
19128 
12555 
4124 
17521 
23592 
-2411 
-13500 
-1784 
10933 
14614 
698 
6182 
-18169 
-6076 
5135 
-9119 
-24664 
-23036 
18615 
15540 
24126 
9728 
18754 
-13760 
12811 
3436 
23006 
-17903 
-11789 
-10550 
-23448 
-10473 
3807 
-2134 
20292 
7843 
-16501 
18976 
-18762 
18933 
7636 
16857 
7212 
19491 
-596 
-4385 
1655 
-4703 
1234 
20518 
11244 
-976 
-17331 
-15728 
-20445 
-18426 
-21439 
15425 
-23683 
20340 
8818 
3031 
15683 
-10039 
-17205 
-7944 
-20484 
7935 
-23794 
-3892 
-16086 
-5186 
9684 
-21486 
21056 
6044 
4264 
1445 
-11416 
24241 
11374 
-1873 
6273 
-15619 
-5121 
24099 
-20305 
22733 
-21934 
-3768 
-79 
3155 
13411 
22963 
-21719 
-120 
-5678 
-9375 
-1040 
-6528 
-20962 
-11640 
-1319 
15647 
-16584 
20240 
17136 
-13658 
17380 
15018 
22757 
8098 
5757 
-1614 
19173 
-3659 
11381 
7844 
4681 
3941 
25119 
-5061 
-23937 
13767 
-9547 
-14273 
-5922 
22598 
10782 
19781 
-20924 
20454 
-5433 
13850 
-15369 
10959 
-7967 
7798 
18314 
4698 
18474 
-7628 
3675 
24961 
5236 
-3094 
-9292 
-20586 
18236 
19805 
-2142 
4319 
4516 
17749 
-18921 
-15909 
12431 
-23688 
4974 
19683 
20132 
-10805 
-2601 
914 
-24994 
-726 
-22840 
7274 
8650 
10913 
-7485 
10940 
-1931 
-12376 
21572 
-1273 
10211 
-11097 
-7720 
-3372 
1044 
-10932 
-7758 
16000 
-14193 
-40 
-19856 
16466 
1029 
9135 
-3356 
1523 
-15267 
9782 
17333 
6746 
19327 
22663 
15416 
-4565 
16639 
-5533 
-13200 
-11517 
-325 
11054 
23034 
2457 
20001 
12510 
-9792 
-15817 
2925 
3907 
-1611 
-8691 
16049 
19901 
6178 
1938 
-13915 
-19953 
-14416 
-24295 
6410 
-17845 
6600 
5214 
11669 
17040 
15078 
-13465 
-20683 
16790 
893 
-4258 
-22389 
-21371 
-16593 
9986 
6424 
19555 
-24312 
11339 
-10613 
-8488 
21654 
6267 
-16695 
1393 
24930 
-18587 
-8297 
21961 
-19604 
-11058 
12269 
12025 
21412 
4545 
-16231 
-22254 
-22551 
24582 
16021 
-1060 
252 
-4545 
-6239 
18262 
16634 
9891 
2130 
-3944 
18341 
1968 
11971 
-870 
6866 
9716 
-7599 
11298 
-11587 
11659 
-9495 
7105 
-21891 
-17350 
-16157 
21197 
23097 
20510 
-20639 
9906 
-6806 
3435 
4109 
757 
-10919 
16626 
22351 
14129 
7029 
9409 
-1443 
-19610 
-17267 
13599 
19274 
-12500 
20632 
-5855 
-5785 
-19785 
10114 
23260 
11957 
8600 
-1307 
17674 
-20023 
-834 
11249 
4333 
20742 
-15643 
-20973 
-13413 
-1057 
-16751 
-18438 
346 
9746 
-10412 
10105 
-17820 
-5354 
-15766 
23624 
-15235 
4915 
-22581 
22444 
-19675 
-12068 
16179 
5142 
-17550 
4778 
-2341 
-3238 
14325 
9172 
-12639 
-12645 
-21179 
-14817 
-23958 
9390 
-10111 
-348 
-23846 
-1410 
-11252 
-6936 
2044 
24687 
-8211 
-15059 
10888 
-315 
-4473 
25075 
21268 
-24291 
-2334 
-21214 
6523 
5720 
-12276 
-17455 
8797 
-4611 
21857 
8107 
16306 
-16898 
-24721 
15114 
-3630 
12492 
24354 
10550 
21118 
21932 
5906 
-7679 
21655 
-6750 
16731 
21758 
-7144 
-12880 
-13027 
23941 
8528 
-9136 
-16016 
4729 
-11178 
15982 
11923 
-16257 
11756 
10500 
2083 
17337 
9624 
20485 
-16432 
-15229 
599 
-2636 
-8381 
-5153 
-17573 
-23465 
7740 
10627 
10404 
5374 
6694 
-24413 
8574 
10259 
-18958 
-6155 
-14972 
4934 
-19917 
12781 
19242 
17513 
14641 
14116 
16205 
22142 
6765 
-6018 
-13214 
55 
18089 
-9862 
-9517 
19226 
-18163 
24552 
13744 
-12221 
8009 
8595 
18522 
5556 
10894 
-17101 
3428 
25056 
20431 
17557 
-16914 
-7846 
17194 
-16006 
-20410 
6319 
19828 
11482 
-4978 
9438 
22628 
-18905 
24547 
2502 
-1034 
24824 
6449 
14792 
-15621 
22852 
-4093 
-13117 
12495 
-23723 
-10311 
20950 
-22601 
-1314 
-13861 
-11756 
-19356 
11603 
-20419 
10082 
-11331 
-3154 
-6287 
19332 
-19888 
18300 
-4496 
-100 
-19699 
-5323 
24006 
19450 
-21859 
15483 
12311 
6627 
-19905 
12917 
17997 
1616 
23489 
-7206 
-6358 
896 
-13290 
-2431 
8289 
-9443 
10655 
8351 
-1678 
-12696 
-10383 
14297 
-17298 
-312 
3564 
175 
-17060 
-3103 
-14622 
-13881 
-15491 
-9527 
7769 
-4198 
-10857 
-18597 
-11653 
-10492 
6760 
-14586 
-8456 
3246 
-13535 
-16411 
5131 
2897 
-11929 
12600 
21846 
-1864 
-3942 
-9224 
-12499 
-6129 
-12812 
-24146 
-18418 
955 
5373 
23335 
-19078 
15376 
-17670 
-19710 
-9871 
-4397 
-3245 
-1593 
19098 
24940 
2005 
-21475 
21174 
-23554 
-18410 
13349 
-10811 
-21118 
5471 
-11784 
-19859 
-19987 
2284 
15242 
19000 
-5657 
-9016 
-17641 
14306 
-12057 
-15529 
5101 
10386 
20908 
20283 
16180 
15577 
-9728 
7369 
-3100 
-7300 
-17159 
1773 
-22651 
16921 
-10141 
-5997 
-17381 
-9697 
16994 
4992 
-12563 
-10759 
-6263 
-15726 
-24024 
1566 
3142 
-14027 
-14694 
-3707 
-15816 
14822 
1959 
18334 
-14151 
906 
-13964 
-11561 
-2782 
7926 
484 
-17606 
7392 
-21577 
-4835 
21040 
-16977 
14499 
-5347 
-18985 
19309 
-14997 
-17990 
-1649 
-8635 
-10325 
22678 
9954 
2136 
8872 
16313 
-17942 
9428 
-4052 
-14779 
10608 
-17730 
-6274 
24667 
-9391 
-1982 
-15322 
22571 
-6353 
9045 
6099 
20260 
-21800 
15668 
-19803 
19355 
11504 
-5723 
-17167 
-19764 
14964 
23271 
22565 
14810 
5646 
-17465 
-24996 
-4522 
-23997 
-15489 
24603 
19729 
13035 
6027 
-23165 
24195 
7722 
-14146 
-7795 
-12022 
-6301 
-8036 
-1481 
-5715 
21902 
-18585 
12869 
7295 
-23208 
-19868 
-17743 
-15653 
-16319 
2255 
-6141 
449 
7498 
-14944 
22789 
-19287 
6605 
-14614 
20280 
3695 
23069 
1514 
13032 
22121 
19220 
2525 
6375 
-4421 
10354 
-1943 
10573 
12157 
-156 
12965 
22981 
-23283 
-1002 
-7808 
305 
14904 
-13196 
-23427 
-8513 
-95 
18776 
-5634 
-3075 
22383 
-4588 
-4446 
-6790 
1276 
-16569 
-24966 
23658 
24712 
7802 
-13743 
-23905 
11856 
19751 
-4612 
10773 
-4922 
14341 
-18496 
858 
-4652 
11402 
-6192 
-23127 
-24699 
-16606 
9095 
-10128 
-4601 
-1223 
-919 
-8489 
18047 
7873 
3129 
-10905 
-18917 
-5136 
-10035 
-12272 
-16686 
-23177 
24318 
825 
-10463 
-12869 
2109 
-9024 
-20434 
23609 
-18398 
-4701 
17356 
770 
-23477 
5717 
3479 
-14290 
-11531 
23812 
2820 
3266 
10325 
25112 
-6011 
-3340 
-15654 
9852 
13880 
-5483 
1664 
-2066 
-21811 
-20000 
-5525 
-1371 
-7001 
11711 
13326 
-2096 
22878 
4596 
-13379 
-3387 
202 
3111 
23929 
1077 
1478 
-16499 
-18352 
-13985 
-14391 
14077 
-14746 
-17926 
-3032 
232 
5233 
8566 
9521 
12592 
11467 
-13485 
-7537 
-9070 
-760 
-878 
9068 
1785 
-20154 
20552 
3441 
-16121 
22793 
21370 
8241 
12364 
-7292 
-15925 
-11192 
-1698 
19863 
-15094 
8949 
24744 
-13727 
2843 
1049 
23996 
-3428 
-16047 
-22412 
-18040 
-16018 
-11106 
-4815 
-15026 
-11386 
-10516 
-22952 
1057 
-24764 
-5145 
12276 
14100 
-2318 
25101 
11196 
-5745 
9147 
-11757 
-5661 
15816 
1999 
699 
19797 
4065 
-18675 
20570 
5007 
10483 
18422 
-4073 
6735 
-22553 
2545 
21952 
8014 
-5220 
-11940 
18859 
-23610 
7762 
18748 
-6593 
2804 
7080 
2865 
9480 
7853 
21646 
18500 
-17995 
22088 
9485 
13745 
-3111 
5242 
-6164 
12419 
18607 
17983 
-24142 
-4137 
9676 
22532 
14871 
4320 
4475 
18808 
19650 
-24940 
-9856 
-11210 
-19671 
11857 
17504 
-2376 
19835 
-1824 
-10748 
-1856 
-11694 
-681 
7898 
-21532 
-18709 
-9421 
-13033 
12980 
18961 
-19957 
-22855 
-24618 
8343 
4530 
16646 
-21778 
-14512 
-6721 
16115 
-4645 
19632 
-17376 
13622 
17232 
17533 
-10701 
-12325 
20925 
-24065 
12245 
6138 
-17870 
-3986 
-8423 
2557 
940 
9958 
-5385 
-9209 
-12907 
440 
12058 
2363 
-3317 
23023 
5941 
-17929 
-23900 
-13575 
-4448 
11006 
-16193 
19428 
-21056 
-14049 
19614 
19991 
-21383 
23953 
-17461 
3327 
13845 
-19041 
-19157 
-19976 
3793 
4853 
20725 
-21998 
5873 
-23509 
-24830 
-1353 
3342 
6871 
-8978 
9377 
12403 
12551 
13343 
-21984 
-16652 
15757 
3555 
12606 
994 
-24882 
-23456 
-19186 
17634 
-20653 
-9448 
-20086 
13603 
-20800 
-19762 
-15950 
-20814 
-4021 
-11065 
-19024 
-6605 
10935 
-9097 
-11493 
-12158 
14448 
18451 
1458 
17264 
799 
19639 
6621 
14433 
-4826 
-10190 
3528 
24630 
-21173 
9501 
-1047 
-24538 
6636 
-2870 
24041 
5418 
-15804 
-3669 
13786 
-13063 
-17537 
-18774 
23743 
1196 
-15963 
-11282 
19564 
11404 
-5358 
-13367 
3817 
4472 
-24949 
14088 
2128 
-8340 
-1663 
-18231 
7257 
2426 
7945 
6126 
-17430 
457 
8504 
5297 
12993 
-18062 
6282 
-10721 
-944 
1531 
10341 
-22025 
-21696 
-22910 
-3539 
-13314 
-736 
-11383 
8314 
19879 
-7748 
8927 
-14440 
9551 
6190 
7771 
-13663 
10708 
9258 
15524 
19459 
-6727 
-15010 
-10586 
12583 
16573 
-5365 
24664 
3196 
4941 
-12244 
9701 
-11204 
18926 
7111 
21441 
3918 
15364 
2655 
-18397 
5045 
10565 
-23252 
-9043 
12487 
14038 
-15636 
22999 
23967 
-8107 
-1268 
21387 
-6203 
-11045 
15971 
-7941 
20128 
-22137 
-14732 
-3970 
21530 
-13126 
10254 
20378 
-597 
-16038 
-12540 
-8561 
-20909 
-8604 
4082 
9289 
-2993 
-8237 
1339 
-2452 
-5050 
-6699 
15564 
18713 
1204 
13822 
-5416 
523 
-12351 
-2167 
-12471 
21053 
3402 
23527 
-24907 
-12627 
-23260 
-4913 
-18307 
834 
-15032 
-5452 
-9039 
-2951 
-2741 
24604 
18210 
1780 
-20093 
5676 
23598 
-19084 
-15045 
141 
-7215 
-20970 
-18878 
2933 
12743 
10865 
-1318 
-9680 
10440 
12749 
6445 
15681 
5631 
416 
15145 
-7510 
-4684 
7523 
18165 
17610 
7841 
23216 
1607 
20047 
-21008 
-21585 
-4687 
8724 
15090 
-21654 
19062 
-22250 
15323 
-24826 
-17198 
275 
14493 
3411 
21670 
22612 
-22098 
-19597 
-17393 
-11775 
-16993 
-13057 
7001 
8972 
2188 
-8719 
-24590 
9975 
9801 
-4821 
-24247 
4339 
-12432 
-6759 
16088 
3085 
9913 
-8848 
23078 
-24512 
-8229 
15348 
-21689 
-5612 
0 
-6558 
-4844 
5172 
14818 
-5431 
-16269 
-21752 
-7234 
-16804 
-17724 
15789 
21292 
14526 
-17890 
-22263 
17145 
-17306 
-303 
23208 
-1290 
13240 
-16133 
10605 
-18287 
545 
-5316 
12132 
-21547 
-4308 
18229 
-12871 
15662 
-14795 
23042 
-1279 
22797 
5302 
4053 
24262 
18191 
13573 
-10062 
6115 
2946 
4828 
-365 
-17181 
-13074 
4272 
-3113 
-7769 
12562 
5936 
-7793 
23350 
16319 
1367 
-22146 
10238 
8430 
-7686 
-9433 
-17132 
-20948 
-3874 
-14445 
13575 
-5570 
-3575 
10502 
1415 
5358 
-3595 
10458 
-15483 
-2269 
849 
22524 
9566 
-20953 
3114 
-6960 
-17242 
-534 
-22261 
21734 
12945 
-13159 
-7057 
3188 
21398 
-11734 
-24529 
-6211 
13783 
-4891 
-19940 
17305 
-17881 
6614 
9083 
14868 
-20451 
10492 
-16853 
-20144 
-1977 
-7089 
1224 
-2898 
-23983 
5349 
-19614 
17989 
14941 
227 
10523 
-23446 
-4928 
-10899 
7441 
-12669 
-4849 
-10738 
19336 
-9279 
16479 
-16549 
-5340 
-16301 
6581 
-18392 
-16928 
-22142 
14514 
-12588 
1936 
-10483 
-19956 
5211 
-17496 
8758 
17206 
-11389 
19841 
-13667 
5148 
323 
-15611 
7044 
4834 
-3542 
-14894 
3056 
-12285 
2340 
-829 
-16916 
-3034 
-14458 
-13895 
-13170 
22134 
10006 
8894 
20059 
-20460 
8358 
-16701 
14839 
3178 
16198 
2766 
17052 
2335 
-17476 
-5822 
-4895 
10119 
18282 
3772 
-24498 
4200 
9875 
-2072 
-23361 
8692 
878 
-13854 
19364 
17621 
177 
-14735 
83 
-8093 
2206 
-14987 
20050 
18855 
17413 
-5503 
-10668 
10177 
2930 
14447 
-5654 
-18241 
-7904 
-7945 
14482 
22097 
4464 
19756 
11438 
675 
23893 
13226 
-13901 
23581 
764 
1104 
20571 
-19445 
-23584 
-17601 
-6421 
-23537 
-13620 
-4470 
-11790 
-660 
6088 
-23992 
-24726 
-1398 
18889 
-8528 
-3612 
6510 
-17467 
3228 
21147 
-16138 
-21509 
127 
-11829 
17837 
-20062 
10025 
-12726 
15068 
12148 
14217 
-5643 
23783 
-12133 
-19874 
24714 
12285 
19906 
57 
-7024 
22217 
-20181 
1727 
1804 
11951 
5001 
13639 
21175 
-22236 
20042 
-14648 
-2767 
13837 
-4045 
-9036 
-85 
-20560 
5624 
-15116 
24245 
10530 
-18126 
6058 
-19490 
18802 
-11399 
-14679 
-11544 
9307 
-16221 
18304 
-11486 
-17896 
2450 
-3342 
16450 
-20152 
-22399 
-18453 
-23080 
-20534 
969 
19257 
-2718 
-22695 
11978 
7461 
14713 
24492 
11156 
-4987 
19218 
21219 
15986 
22552 
5622 
9633 
-84 
-18900 
18154 
-22467 
-21603 
5040 
23853 
-12275 
-18084 
2846 
6214 
7062 
-1911 
9528 
-21147 
17581 
6001 
8962 
16969 
9493 
15172 
-20874 
4463 
-21393 
-18636 
-2531 
22080 
24131 
6812 
22485 
7173 
-18087 
1809 
7984 
15833 
-10774 
16619 
1343 
-6227 
-2888 
9382 
16280 
-2447 
-6974 
-2019 
-18693 
-17028 
-3887 
23355 
22361 
12165 
-7322 
8362 
21303 
22325 
3124 
-18889 
9743 
-20820 
21986 
-8196 
-5875 
24613 
-14671 
-7712 
-11479 
14498 
7958 
5461 
813 
-16648 
16273 
-2853 
19136 
-19609 
17737 
-23614 
6965 
11178 
-8863 
-18855 
5682 
-6690 
-9162 
-24248 
15049 
-12962 
-20364 
5565 
1134 
-5101 
-2761 
12565 
10724 
643 
-15434 
17856 
22771 
-20724 
-15467 
3668 
573 
17481 
-16566 
6077 
21072 
11750 
-8580 
21798 
20473 
2896 
21194 
-24861 
8137 
-6550 
-19945 
-12793 
-5748 
6228 
-19482 
-21534 
-11291 
-12226 
-17723 
-5913 
5726 
-14523 
21109 
-17466 
-6642 
-20782 
14973 
10279 
13885 
-13405 
9054 
-12569 
-843 
-23573 
-12971 
14791 
19027 
-9407 
3187 
-14164 
-951 
4460 
1155 
17883 
-18257 
-18220 
11638 
-16428 
6872 
-16454 
24464 
-4741 
18057 
7949 
-21755 
-15141 
-19734 
-9359 
1667 
-2312 
-23760 
7313 
21537 
9140 
-2709 
-19243 
9789 
-9655 
-17079 
-9482 
-13790 
8172 
12177 
5751 
-24915 
18465 
-5100 
19867 
23843 
-10010 
-4409 
22671 
-8552 
1635 
11481 
24335 
-24036 
-10632 
-20563 
14504 
-9964 
-7938 
10438 
-19146 
20694 
6571 
-19691 
7586 
-1556 
23670 
-10939 
6141 
17755 
1984 
4684 
22664 
-9435 
20256 
12071 
-1630 
-15983 
-14684 
-10166 
-14137 
7561 
-15299 
-9536 
-15327 
-15387 
-24434 
-24467 
-23268 
16701 
-6735 
-6480 
-17197 
-18717 
-6166 
-18097 
23442 
14562 
16663 
15557 
22053 
2958 
22105 
1883 
17799 
-3401 
17292 
-9312 
21274 
-22506 
-4714 
15690 
-7221 
7497 
18726 
-10945 
-2797 
13386 
11324 
23081 
-606 
11987 
17125 
-3445 
21099 
9193 
-14162 
-20289 
1518 
-6277 
23419 
-13175 
-7780 
9355 
14472 
-21569 
-6057 
7536 
17189 
-7344 
12211 
-2332 
1260 
-24262 
-24137 
4847 
-14693 
11639 
15443 
-3260 
19668 
7655 
7969 
-15591 
4248 
16601 
6013 
-6880 
4202 
-4555 
8029 
19368 
2984 
4034 
-17136 
618 
-22744 
-18967 
6107 
20425 
-18162 
14933 
-5667 
16308 
-17879 
12448 
15258 
17699 
-23204 
-15671 
-342 
917 
-22680 
6830 
1372 
12802 
22504 
19688 
13737 
7336 
11832 
23969 
-11501 
-438 
-2458 
22003 
8371 
-8182 
24787 
-11952 
2986 
373 
-5541 
12123 
7099 
-4636 
9031 
-11570 
888 
-22177 
6382 
4838 
-24478 
568 
-17791 
-8944 
23105 
12926 
-5893 
-20296 
7845 
-23690 
-17618 
14721 
-22570 
2912 
263 
-8876 
23360 
20392 
-2518 
16961 
-12309 
-4027 
16567 
-13814 
-462 
-3692 
-10452 
-5585 
10193 
1385 
1129 
-2543 
18922 
11384 
-9108 
-11376 
-8839 
-2765 
-18643 
14478 
-21237 
12019 
-4273 
19977 
-13005 
9557 
18243 
-12766 
6941 
8447 
-576 
25178 
9056 
14460 
18534 
-4031 
-17153 
-928 
-7660 
13780 
3644 
15511 
-8746 
841 
1642 
21977 
13914 
-5469 
-17838 
-10610 
-11232 
17446 
-935 
-7506 
-10163 
-1989 
7566 
-4615 
-16737 
-19347 
-16655 
12628 
13787 
7992 
21732 
2164 
8971 
-4628 
-15193 
-12424 
-19373 
16893 
-7519 
-1218 
9656 
3210 
13694 
-1549 
-2278 
-20121 
17827 
-24525 
18026 
22099 
11915 
9878 
-24120 
875 
22646 
11571 
8075 
-10641 
-446 
6339 
-8854 
-24306 
-18618 
-11644 
-22794 
-15583 
-22481 
19038 
-2429 
23889 
-23532 
10633 
-2347 
-12901 
-10184 
13652 
16838 
13809 
10252 
8869 
7775 
-12396 
21995 
-18882 
10364 
22058 
-3726 
24770 
-13587 
-10437 
7799 
-14475 
-20841 
-2826 
-22292 
7406 
-8349 
-11878 
23141 
22287 
-19929 
24837 
-3049 
982 
-15070 
-11085 
-21836 
15621 
-24912 
-1010 
20028 
-15350 
-6906 
-1219 
-3751 
-11889 
-17039 
-12063 
-14700 
-8755 
-14182 
15499 
-5152 
6549 
23557 
-15894 
5825 
-16485 
7386 
6835 
11537 
12948 
21345 
8040 
-5648 
-6344 
-18111 
-1508 
20328 
-23311 
-4009 
4209 
-9399 
2951 
17331 
25084 
-6369 
-13512 
23366 
19986 
23515 
-17614 
1200 
5272 
9925 
9938 
-22533 
-23381 
-19223 
9736 
-21015 
7963 
-3524 
7955 
23845 
-11603 
21832 
10954 
-17108 
-8245 
2855 
-24851 
19779 
-4605 
23160 
-14048 
23938 
-1118 
2537 
17501 
-12108 
-10243 
-14041 
-200 
16657 
10887 
13547 
14843 
18295 
17254 
-5515 
18721 
-11595 
15631 
6394 
-18825 
-9056 
8677 
21568 
6898 
-12829 
-15850 
-22232 
11523 
-21016 
20829 
-8218 
17471 
-4536 
2474 
3356 
-20864 
-10729 
24608 
11274 
3237 
20799 
21201 
-18195 
-14002 
17479 
14313 
-1194 
14173 
-20570 
23089 
24814 
-19021 
12185 
-635 
6451 
3336 
-12628 
-11624 
-22838 
21129 
-18940 
16230 
23183 
-5940 
24886 
1496 
5080 
-5984 
-20476 
1381 
19692 
9839 
21831 
-13603 
-7935 
13366 
8557 
9373 
-17592 
8745 
500 
16820 
12081 
22103 
-1544 
-17459 
-18255 
16457 
-24502 
18006 
8509 
10046 
-12342 
16169 
-20366 
-14 
13793 
18038 
-8194 
22698 
18957 
-12661 
-17582 
-16998 
14691 
-24644 
-9216 
2539 
-4696 
3785 
-11824 
19642 
-14793 
-16967 
17243 
-9149 
-11930 
-13618 
15034 
20410 
726 
-15392 
-21223 
10964 
-17774 
-23814 
-22277 
19248 
-21069 
-2265 
2057 
-9807 
-24812 
7032 
-18619 
-14964 
-7621 
10415 
7224 
-2484 
-4038 
20880 
4689 
4582 
18950 
3258 
24204 
-24704 
7491 
-16517 
-3110 
25144 
-987 
5022 
-6587 
-22121 
-3365 
21234 
8652 
14287 
12328 
19537 
924 
-20775 
-1110 
18126 
-21729 
-24473 
-13484 
11071 
19294 
-17981 
2033 
12085 
-4759 
18696 
-17288 
-6248 
-5814 
16929 
13378 
-769 
17389 
-6611 
-4697 
-10953 
-21423 
-8861 
6435 
-268 
467 
1987 
1283 
-2816 
20864 
6670 
22949 
17462 
5547 
5981 
-12602 
-7237 
18389 
-12114 
2754 
-231 
-20263 
8262 
-10767 
17275 
-1625 
-21156 
-1588 
-24568 
-5850 
4142 
-24000 
15742 
-4483 
-9085 
9050 
-15304 
22047 
-16691 
4061 
11747 
-8508 
18603 
20740 
-21027 
7305 
-9493 
4979 
7408 
-11849 
-12438 
5307 
4813 
12734 
-587 
-17282 
3988 
-1477 
-13265 
9291 
-10436 
23411 
3514 
16474 
-22931 
20077 
3465 
-23556 
-16100 
16753 
-23876 
25121 
14180 
-16130 
-24684 
17691 
21809 
-22599 
24843 
5366 
13647 
14945 
-6851 
-15052 
1647 
24910 
20118 
19511 
-22558 
10221 
5024 
-12883 
-15165 
-13918 
-23898 
-11528 
10052 
-14845 
-4782 
2269 
-23969 
2073 
4346 
19527 
-21952 
3105 
-22820 
-17931 
-24760 
-19032 
-24363 
17137 
-8065 
-23663 
17486 
-4281 
-5845 
287 
5932 
11936 
13722 
-7067 
7707 
-11916 
22938 
1625 
-3506 
-19016 
-20388 
19598 
-23778 
6307 
19763 
11712 
-9000 
-5569 
-10029 
-20606 
20207 
13896 
11647 
204 
9818 
-21957 
-14774 
-5954 
22716 
12690 
-9431 
9073 
1869 
-16477 
12417 
21702 
20319 
24976 
-20549 
-11175 
-7995 
9774 
24393 
7833 
-11425 
6347 
2398 
-16142 
-23578 
-2286 
-292 
21648 
19596 
-4733 
12897 
-7153 
-13397 
-10345 
-8105 
3584 
-10102 
19804 
9846 
6587 
-17421 
13475 
-13703 
8740 
-5621 
11977 
17410 
-11663 
23821 
16695 
24734 
-19283 
-17647 
19300 
-24007 
-2748 
16420 
9227 
1799 
-18771 
-119 
1325 
-15523 
-6997 
9463 
-15252 
-22642 
20143 
2184 
4059 
-17799 
21844 
-2439 
-13426 
-3043 
11925 
-8707 
-20506 
-16299 
7659 
-8046 
-10089 
13292 
10613 
-356 
1022 
-1569 
5846 
-21275 
22686 
-14769 
21811 
-12443 
-14110 
9334 
16975 
-7457 
-22889 
103 
-23057 
23574 
-12531 
-23488 
3286 
-14630 
5109 
10384 
5719 
6337 
6802 
12933 
-21564 
-3702 
13214 
18117 
11992 
-3906 
-16347 
5120 
18232 
23669 
20376 
-3981 
11103 
-29 
9829 
-2847 
10600 
20579 
-1536 
16162 
-3781 
24570 
-7268 
-9132 
-7070 
20043 
3133 
-2925 
6674 
-6104 
-12283 
10582 
6909 
-22473 
17704 
-21430 
9696 
-2968 
22112 
12774 
-7806 
13106 
-2582 
17739 
-10065 
-3637 
6861 
2233 
-13725 
-17090 
8410 
14997 
-13893 
6343 
6365 
-13740 
-13794 
-18210 
-21375 
4652 
12029 
-5372 
17043 
-17204 
-7775 
1955 
-24102 
-22588 
19189 
-20170 
23161 
21120 
10997 
-4339 
11085 
19921 
12042 
-24269 
-7330 
4390 
8911 
-21457 
11077 
-6784 
-4234 
-3203 
16902 
5674 
-10912 
-149 
-22543 
17345 
-22750 
-345 
-5164 
537 
1433 
-24944 
4720 
-4354 
2743 
13711 
-18661 
6702 
17768 
2974 
-5170 
14015 
15046 
-10093 
17628 
-9556 
-13600 
-13472 
14219 
-16182 
12298 
19115 
3338 
-15634 
17781 
-19931 
-19307 
-23805 
-19092 
-8568 
-17085 
18561 
-913 
-748 
-16039 
11292 
20094 
-9569 
-9946 
-1428 
-19719 
-3375 
11612 
3424 
-8986 
22252 
23606 
-1143 
-24425 
15901 
13867 
21624 
10466 
-14220 
24012 
17807 
-11964 
9486 
20387 
-15747 
7673 
-1076 
15893 
2954 
-24336 
-8137 
14951 
-8315 
-6731 
18566 
16386 
-1948 
-15638 
-4762 
-22326 
3181 
23908 
-12827 
3758 
9298 
-17558 
-22093 
13086 
5956 
12639 
4732 
19956 
-23184 
2885 
-22939 
-24989 
13223 
17170 
11490 
-15065 
22068 
-13014 
8395 
4100 
-7596 
-10534 
14200 
-16827 
12888 
2532 
6332 
-10886 
-20423 
5996 
-21148 
10233 
-20024 
18245 
6254 
8184 
-12457 
19936 
735 
18569 
21554 
-18733 
6154 
-18797 
9947 
-1848 
-5733 
-11258 
-21516 
1790 
14986 
-2500 
14061 
-23531 
-13739 
-19326 
-22520 
13005 
3625 
-19260 
-19914 
-19449 
-5897 
10830 
23749 
-2196 
-17958 
-23600 
-11082 
-5617 
-18749 
-16249 
-22961 
-7691 
-19800 
23597 
-19554 
-18869 
16874 
-1716 
-12130 
-13020 
-12780 
20201 
24623 
-14178 
-601 
6926 
-13189 
-5011 
-7203 
-12408 
-13095 
-434 
-22438 
-14955 
20726 
-5951 
21480 
1504 
-11067 
18915 
-15404 
-22535 
22972 
-23911 
8329 
19020 
-23480 
8805 
18285 
-24062 
16375 
18271 
16298 
11676 
-12786 
-20783 
-18498 
10853 
-23218 
3497 
10508 
-23522 
-1787 
-19233 
-15699 
24543 
-24272 
-23278 
15208 
23649 
-2692 
13716 
-3223 
12634 
14590 
13875 
-8501 
22342 
12812 
-7899 
-308 
9233 
-3171 
-10981 
-6972 
-5867 
8633 
-14924 
13276 
24479 
-8041 
321 
-12390 
-2566 
21490 
514 
-3107 
-12849 
-23339 
2904 
-5790 
20158 
-14986 
20556 
-11403 
-15363 
1072 
-11347 
-8351 
-4226 
11840 
-18332 
19422 
3498 
-21908 
9323 
14068 
-16338 
-975 
18885 
-11326 
-617 
-14382 
4763 
-18715 
-8915 
15403 
12840 
-7048 
-9842 
24527 
-12717 
25053 
5310 
23099 
-4867 
-23393 
12076 
-7010 
9827 
17842 
-10013 
11138 
-24056 
-18977 
21590 
-18075 
20010 
-23352 
-17510 
16866 
-8920 
21000 
-19753 
13184 
14376 
5199 
13899 
-3621 
-19514 
24727 
13312 
-1812 
-8432 
-22842 
-13735 
1590 
-1166 
14730 
12045 
248 
20396 
3290 
-8007 
11205 
3040 
-23562 
-20893 
-20752 
-8087 
4036 
7920 
18904 
16986 
18633 
-3291 
-9010 
21606 
-16185 
10649 
23697 
-21594 
14897 
13776 
-6406 
-6651 
-24799 
-16734 
1517 
17725 
-7713 
5061 
-2204 
-7792 
-4442 
-9880 
-24221 
4883 
3306 
23312 
14397 
-17322 
-4069 
24515 
12677 
-16236 
-11412 
515 
-5289 
-7306 
-1757 
-5093 
20249 
2968 
14697 
-12473 
6207 
-7951 
20160 
18073 
-10600 
-11278 
-22077 
21653 
-19161 
-391 
2937 
16075 
-21942 
5522 
12720 
-19552 
-9031 
-12316 
-14006 
19873 
-1115 
-8438 
6603 
20068 
4768 
-10531 
-24399 
1887 
-7828 
17815 
-4243 
20717 
8236 
22178 
-11605 
17881 
-2942 
936 
-19623 
-15943 
-8547 
-12358 
17443 
-6672 
22347 
-18621 
10739 
22144 
3994 
-14350 
22310 
22740 
6081 
-5268 
-3547 
2650 
19058 
-9589 
-12077 
24838 
1579 
2085 
-13299 
-9461 
-9177 
22747 
11235 
-17140 
-19879 
22934 
19180 
10168 
11874 
-23576 
12322 
-21076 
15271 
9137 
79 
-10692 
7505 
-14621 
-20132 
15991 
-11110 
24686 
19037 
-11841 
8415 
-7912 
2099 
-20063 
-19700 
-21815 
20653 
24434 
12067 
7415 
16647 
18034 
12848 
16009 
-19253 
27 
11681 
14536 
-24342 
20755 
25066 
-226 
-1228 
-9439 
20404 
-8637 
8545 
9824 
8919 
-12751 
12912 
-19390 
-21019 
-2807 
13015 
7553 
21130 
23482 
3534 
17255 
5223 
20274 
2831 
7731 
-14278 
19317 
9395 
18987 
-4196 
-19414 
-20053 
-8951 
6889 
18820 
4646 
-5810 
-1145 
24802 
14682 
-7491 
20193 
-24112 
6104 
8163 
-17474 
24521 
-19682 
-15498 
8057 
23494 
7746 
-2904 
-18562 
-17854 
20980 
-17802 
-19294 
-22011 
-2626 
-5177 
7053 
229 
5497 
-13237 
-6434 
-21786 
2836 
10594 
-7619 
-14005 
-6773 
24414 
-17229 
11688 
-19949 
169 
-4908 
18616 
11263 
-10814 
-9541 
-17727 
-24953 
-16290 
18158 
10510 
6772 
14245 
22164 
2622 
-16867 
11789 
15751 
-12140 
-683 
22156 
-22305 
-18339 
1006 
14283 
-17543 
-6719 
4476 
4373 
5618 
1503 
2631 
5550 
7011 
-22777 
12450 
2854 
-11199 
1355 
-10866 
-15153 
-24854 
-21098 
5867 
12345 
21810 
-13168 
20704 
16349 
-24197 
23628 
-5807 
1825 
-13399 
19047 
9317 
-9083 
4901 
-23697 
-24013 
19670 
8044 
646 
22356 
15297 
-5274 
25137 
19445 
7899 
-23418 
19558 
15273 
-7667 
13591 
18501 
25030 
-2220 
-22062 
-9415 
15613 
-15206 
-3028 
-4136 
1221 
-22312 
8683 
-1051 
-1133 
-3548 
-2315 
-866 
-17982 
5294 
-10542 
-12460 
9471 
-17753 
-22851 
13674 
18410 
-16056 
-26 
4079 
-17128 
10068 
-11459 
22403 
3084 
18098 
16475 
25049 
6075 
-8700 
25037 
-16108 
18883 
-24447 
14775 
-9196 
-102 
-17215 
24728 
-4514 
-19248 
6557 
4626 
-818 
19952 
6540 
-12889 
23787 
-18519 
13788 
21785 
9607 
-5194 
-18677 
-24125 
-9550 
12531 
6130 
-16643 
-2249 
10585 
-6015 
19793 
8555 
-8079 
-2861 
15652 
-20633 
11945 
16256 
-24101 
11392 
12664 
1425 
-24842 
3160 
13836 
-23275 
-10135 
-18831 
-15577 
-18754 
-2953 
14777 
-3796 
17996 
19474 
-5921 
7515 
-24602 
-8773 
5960 
-24783 
-11733 
1147 
21365 
-18595 
-20546 
-21844 
21750 
-15219 
-19763 
11556 
-19588 
23191 
7035 
3061 
21020 
-23496 
-16798 
-11315 
20052 
6934 
23710 
13611 
16327 
23504 
20345 
12115 
-6631 
-18318 
-3241 
24808 
22189 
-16387 
10226 
22428 
-1655 
-18375 
-12941 
5806 
17786 
-10649 
-17192 
-5043 
-23799 
7115 
-20378 
17091 
-14660 
15918 
-4329 
-12858 
22799 
-18035 
-22464 
7452 
10930 
-4084 
1278 
20419 
2737 
-3390 
1241 
-12413 
15095 
3727 
20639 
8438 
3350 
-22985 
-22363 
22273 
18393 
-6496 
-7673 
-24674 
-14608 
-7032 
11049 
-13674 
9550 
-9351 
4866 
-9696 
2177 
17069 
23615 
12855 
-14053 
6401 
20803 
14142 
-11798 
-7647 
-6793 
-11149 
6303 
-17657 
20783 
-5695 
-23288 
-19132 
-16844 
24693 
14960 
-18053 
21850 
-20425 
15731 
19347 
-10336 
-21044 
-21610 
24478 
-4493 
-16632 
18182 
1866 
13357 
-20804 
-4177 
8130 
13100 
18689 
16485 
17550 
-18604 
24747 
22945 
24980 
16429 
5968 
4611 
-8132 
-17414 
-22354 
-12536 
-24206 
-6326 
-21010 
8625 
-19546 
3240 
9150 
11512 
-22735 
905 
-51 
-5073 
-23198 
19406 
12730 
24424 
-2628 
9223 
4818 
-5555 
5138 
-2082 
-16675 
20334 
12111 
11409 
4605 
-17124 
12425 
-23670 
19915 
-18148 
7953 
-17518 
-15998 
-10475 
7738 
-24836 
-8626 
-13067 
13256 
-14709 
9185 
20501 
12227 
-7419 
-13000 
4801 
-2254 
22660 
-14411 
23338 
6981 
15004 
5538 
-6266 
3213 
-11832 
-14306 
22916 
14057 
11474 
-3490 
-11342 
18588 
21210 
15453 
-3161 
-7426 
6314 
-14320 
6165 
8370 
-24190 
-6178 
20216 
-19436 
-1871 
5934 
-5600 
-13276 
-1340 
14761 
-4758 
8722 
11595 
-20939 
-6032 
20670 
-7283 
-21465 
-18144 
-21479 
7717 
469 
14301 
20110 
5741 
-17278 
-22518 
-10508 
19988 
-19318 
24644 
-11158 
19052 
7583 
2105 
6470 
-13716 
-1826 
8931 
4438 
-17257 
-6958 
13659 
-22821 
8985 
-10365 
22814 
-3900 
-14751 
-11494 
-12440 
12122 
-19773 
-24696 
23140 
15161 
1549 
2787 
18017 
7004 
-11333 
-13544 
-22638 
18206 
-17630 
-7053 
-18117 
24092 
15695 
23566 
8018 
-5259 
1922 
13583 
7262 
-5478 
15137 
1511 
-21989 
-13147 
-11448 
11428 
-10854 
17146 
14232 
-13624 
11447 
17637 
-21809 
10362 
22230 
12007 
17540 
24656 
-9465 
-1783 
18688 
4018 
-24333 
2218 
15512 
-5840 
-24870 
20363 
3768 
4960 
14966 
-9681 
-1270 
3755 
4178 
21701 
2260 
7684 
-2386 
23373 
-10605 
23404 
-19476 
-8886 
-20163 
7108 
-22222 
10369 
21825 
2394 
3567 
-11867 
-6219 
-22715 
24459 
-10110 
12464 
-3460 
-22002 
-9258 
-22501 
9250 
-11975 
-19314 
13868 
15469 
22266 
-21248 
-15847 
-2520 
-12541 
6215 
-22789 
-2111 
16449 
-5990 
1494 
-16201 
-20465 
13941 
16824 
1175 
-8437 
23732 
13328 
11778 
-22156 
-15432 
4423 
-3058 
-9663 
-14988 
17280 
14389 
3623 
-12891 
-6917 
-23591 
-19824 
-6811 
7156 
15506 
-11324 
-22557 
7914 
-7243 
23964 
3771 
9518 
-9798 
950 
-24976 
-7898 
8820 
8736 
-1711 
-11672 
-5759 
8270 
24851 
20954 
-8092 
14370 
15592 
12137 
6000 
-16964 
19266 
-22338 
-4656 
12369 
-22648 
-4074 
-11407 
-19234 
-18359 
20309 
223 
11615 
-6810 
18513 
9573 
17817 
-21204 
16690 
-24283 
-12251 
8125 
15797 
5514 
-2403 
22408 
609 
2926 
1608 
16143 
17538 
-14012 
21747 
-4180 
-6546 
6221 
-20981 
2123 
-4969 
-7881 
-2822 
-9233 
-24076 
-20415 
-11704 
-12557 
16380 
-15384 
1359 
8084 
-12212 
24969 
5149 
5286 
-12476 
-19677 
-15959 
-13683 
-8738 
552 
13833 
-519 
6436 
5699 
-5804 
-3582 
-5584 
-10621 
-3309 
-21503 
19592 
-22817 
-21276 
-12271 
23473 
-23007 
-9364 
-20885 
15962 
19263 
-10868 
6719 
-10427 
3558 
-17998 
-2178 
8209 
5467 
-9374 
-14633 
-12609 
-15724 
-12900 
379 
8086 
-4882 
23864 
-10282 
-899 
15936 
6097 
24401 
23680 
10823 
13519 
-22996 
-22212 
-22896 
-2211 
6010 
-3655 
-16509 
-24747 
-22040 
1213 
21358 
1120 
-14865 
-19212 
-11815 
18800 
-13598 
-16427 
-13824 
18198 
6427 
-8048 
-20702 
-2783 
10453 
-5104 
3284 
14455 
-8877 
-9910 
15192 
-15209 
7355 
18005 
18357 
-12152 
-4114 
5249 
6859 
21894 
9420 
-7874 
-9583 
354 
959 
-17567 
-8272 
-24027 
-22768 
2825 
-7066 
21793 
-8526 
18107 
-14836 
-11007 
12142 
17630 
-4455 
-15374 
8499 
-14370 
15855 
-15880 
17494 
-11061 
-17951 
17589 
-11947 
10701 
-7615 
-21416 
9886 
19971 
19673 
-19472 
3130 
18217 
-16776 
-13029 
7296 
-23830 
6030 
-14407 
-15027 
-18781 
-2674 
-15836 
7402 
17960 
-17692 
4023 
-22200 
-7298 
15241 
428 
-9491 
9001 
5665 
16059 
-15686 
-21744 
10764 
-13993 
-6067 
20990 
-22243 
6052 
-2551 
13166 
-13632 
-7242 
18970 
984 
7221 
-12773 
23321 
-24042 
-17583 
6784 
821 
156 
-20139 
-5070 
11757 
14497 
12724 
21874 
-17450 
11736 
3662 
-11766 
-7703 
-18838 
24968 
-19649 
10829 
14896 
-8935 
-21898 
-5280 
22894 
23121 
-17715 
-10846 
-3493 
7022 
-19474 
-19960 
24181 
-24095 
-7845 
10288 
19192 
15434 
9454 
-16363 
-4681 
-277 
8011 
9016 
-22288 
2574 
14928 
-9181 
-1389 
-20719 
-5706 
-6257 
-1446 
9110 
14328 
-12254 
-2444 
-12488 
23702 
-10522 
1878 
-15210 
8928 
-3646 
18382 
3249 
10648 
-7116 
5159 
9309 
17025 
10087 
3023 
6844 
13305 
-11214 
7682 
-4024 
-18405 
13566 
-15667 
-3789 
12239 
-1181 
-16369 
18483 
22721 
-24534 
-7313 
-8816 
-13282 
24056 
-12769 
-3147 
16807 
8801 
-21677 
14623 
20934 
2499 
12054 
18576 
22494 
-23757 
14658 
24823 
1431 
-6017 
-19046 
-8676 
-23972 
-830 
-3971 
-15440 
-21771 
20152 
-17172 
13165 
329 
-13604 
-19172 
17600 
-4217 
-4711 
431 
3902 
-8273 
7832 
5786 
-21104 
-14435 
-14876 
-2700 
-4183 
3706 
2814 
4578 
19543 
12829 
-18357 
-20235 
-13466 
-7371 
-23471 
-24555 
19051 
-24670 
11153 
3899 
6690 
-1316 
7499 
143 
-8956 
-9081 
22847 
10567 
-11702 
-19644 
14348 
8774 
17745 
-1388 
7905 
11894 
-5698 
6774 
-11168 
22452 
3316 
-9058 
9212 
-21201 
19748 
1457 
-10572 
22425 
-12740 
-607 
-11581 
2014 
3081 
8216 
17655 
-14135 
-21312 
-1361 
21105 
24215 
22826 
-9794 
-24279 
3715 
20604 
-14802 
-9973 
3722 
13251 
12630 
-10197 
14209 
-9017 
-15763 
15394 
23833 
-19698 
-20514 
-13752 
1907 
-8782 
-1870 
-16575 
-3544 
-18026 
14111 
-2686 
-4092 
-1748 
-19667 
12355 
13129 
20661 
16106 
-4403 
10480 
10818 
-16407 
-11128 
13265 
-9044 
19171 
631 
1476 
3016 
-8824 
-24327 
-2115 
-10321 
5115 
16771 
-17263 
-16470 
-20255 
4010 
15139 
-10237 
11843 
11457 
18349 
-23768 
-15169 
8899 
9465 
16057 
-17067 
-20111 
-17044 
24177 
9652 
-22797 
12087 
19057 
-10625 
-15805 
-12587 
9984 
24069 
-7450 
-15173 
24865 
-15131 
-1917 
-16975 
10974 
-7177 
-9065 
-9903 
-20849 
-11123 
9541 
6415 
-22616 
-19175 
-20614 
-20986 
16742 
-13642 
12432 
16684 
-14483 
20534 
13938 
3097 
-20336 
11720 
17838 
12346 
-21966 
-16613 
-23913 
-8873 
18583 
672 
-12522 
-23730 
-10353 
-15398 
5084 
-9690 
-7631 
-10815 
-2077 
-721 
4730 
-15872 
-8171 
6878 
13318 
-8267 
4823 
-14035 
18113 
-19502 
-10595 
5833 
3846 
-23231 
-16151 
15601 
-9997 
-23659 
17697 
-5227 
11303 
526 
-9883 
9174 
-17367 
16341 
9099 
-18487 
-1418 
-14635 
9888 
111 
3906 
-20473 
10295 
-3050 
-14882 
24451 
-23944 
15401 
-23259 
-7514 
-12326 
-4449 
-8012 
-1570 
-1520 
-860 
9546 
-20817 
19605 
18054 
-17438 
17324 
-1906 
19728 
-20045 
-24984 
-14884 
-23994 
-14426 
-20006 
-18245 
-22320 
15521 
553 
-19040 
-7051 
15548 
-18374 
-24388 
12366 
3821 
-7333 
-21686 
-4671 
3287 
-18847 
-18822 
3744 
-11294 
-9 
13853 
19303 
14567 
17362 
16385 
8662 
7188 
-5463 
22531 
-18428 
15908 
-5453 
13508 
5395 
-16172 
24280 
13677 
5949 
15359 
8608 
-6694 
4237 
-3278 
19997 
14247 
1705 
17729 
18391 
965 
-7960 
-23975 
-16771 
21616 
4886 
-17402 
14857 
10038 
21297 
-15298 
23403 
8207 
-19151 
24495 
-9304 
-10923 
-9705 
19028 
7182 
506 
8204 
15448 
16814 
16889 
-8335 
16338 
-24110 
-22492 
2604 
-4998 
16621 
-12801 
24586 
93 
10642 
15315 
-8797 
-6027 
7501 
15813 
16068 
-5418 
19165 
-2978 
16041 
16812 
-23790 
-20033 
9119 
-11951 
10124 
18634 
-4800 
-19496 
-1390 
-12549 
-12334 
-11522 
17773 
-18185 
14193 
15723 
-21795 
-7918 
9367 
-11518 
14407 
-8657 
24252 
-10361 
-10827 
6502 
8226 
10088 
6269 
-3412 
5019 
-23801 
12535 
9340 
-1937 
5119 
-7990 
-15690 
7288 
399 
-24751 
-704 
-11132 
-2010 
-9551 
24915 
3367 
2796 
10073 
5781 
-8164 
1572 
-7760 
-20821 
8880 
-2470 
-21764 
19172 
-17967 
-12635 
12390 
20300 
-19298 
-10208 
3689 
-11024 
13268 
8344 
-20399 
12621 
14125 
22417 
-16224 
-21645 
16550 
-11038 
-17490 
-21726 
-5670 
-19018 
20019 
3959 
4893 
-24352 
13982 
17713 
-311 
-6423 
13463 
-12593 
-20215 
-247 
-5208 
15504 
18582 
18747 
-5307 
-8057 
10474 
11520 
-12213 
-19685 
-12050 
4311 
14580 
11330 
-20130 
1750 
-4423 
9 
-14222 
5072 
-3287 
18100 
-16 
-15767 
-4253 
-1969 
-18377 
23902 
-2049 
-14250 
11061 
-16245 
-13 
-10482 
-10583 
23841 
16188 
22637 
-1954 
-7111 
-2395 
-13327 
-1529 
24893 
-20372 
21635 
-15568 
-1811 
8143 
-12955 
23059 
-6586 
-18718 
14115 
-16744 
4301 
-18388 
-8077 
238 
-9072 
-10018 
14296 
21944 
19404 
-821 
-496 
2022 
-3033 
-13225 
-9454 
-13421 
-16947 
17 
10039 
-18047 
4168 
14523 
8030 
-7388 
2750 
18591 
-5005 
-15172 
-22669 
-12141 
18725 
22803 
-9558 
-24962 
-18542 
19662 
-7108 
15556 
22651 
21447 
-24596 
-8369 
-6897 
-24251 
12650 
3760 
22903 
5573 
-8536 
6196 
9769 
13741 
-6797 
-6838 
24 
9658 
-5127 
-5641 
-23642 
-14325 
-20847 
-14086 
-11335 
24228 
749 
-2912 
-24808 
13728 
12016 
-21823 
-8709 
18656 
9645 
9229 
-11478 
-23783 
-4206 
-6049 
-8791 
-13335 
-5582 
24794 
-21178 
-10274 
18449 
5422 
-22976 
-16717 
-16323 
5923 
7624 
13558 
2417 
18308 
-18972 
-21623 
-7096 
15085 
-9955 
17075 
-6561 
23012 
-17357 
-299 
-17581 
-6247 
15850 
13707 
22823 
1858 
5488 
2369 
-278 
-9137 
22478 
12614 
-11117 
-19572 
4872 
-349 
-804 
-19650 
13196 
-18490 
-18897 
-5687 
-16186 
4398 
17823 
-3434 
15841 
14835 
2806 
24901 
-8621 
6260 
-18218 
13929 
-4420 
-14844 
17203 
-24417 
-3565 
10129 
-22131 
5425 
-22424 
24591 
-12117 
-3189 
-18175 
-7528 
4554 
14381 
1080 
4740 
-16261 
14649 
405 
7315 
-7563 
-10557 
2086 
-12302 
24189 
-7981 
6150 
-9626 
6706 
11851 
-10124 
11573 
22912 
18106 
-19458 
-5249 
2614 
19653 
15891 
9349 
19814 
17762 
22091 
4749 
-9430 
-3624 
12162 
-4952 
-12227 
-11875 
22008 
-18275 
-12713 
9575 
22832 
17388 
-19295 
-22443 
12986 
-1766 
23351 
-12650 
12384 
17266 
19823 
-15716 
20624 
5167 
20817 
-21947 
7421 
-10564 
8790 
7390 
-12235 
-15018 
-24169 
23503 
20675 
5859 
-15778 
-3745 
9599 
13376 
11453 
-22383 
23869 
-14827 
-11552 
6018 
24708 
3809 
-3561 
20036 
3425 
-20026 
19124 
12002 
-6570 
3007 
7697 
-23432 
-23227 
8088 
19154 
-6439 
14012 
-22061 
20974 
23396 
-19744 
1099 
-15862 
-13660 
-9102 
-781 
-3023 
19107 
23493 
12064 
22387 
3575 
8855 
-17073 
388 
-2159 
-20669 
-1288 
4046 
-7171 
2665 
21090 
-9962 
17424 
-6538 
-4146 
-21209 
-17740 
-21091 
8186 
-9719 
14043 
-14028 
-17202 
6034 
-2540 
-19466 
-2292 
20189 
12125 
-1598 
-19067 
-16446 
17919 
-9316 
17394 
-11732 
2941 
23389 
2510 
24409 
-4348 
-14857 
-4289 
7478 
22626 
-580 
-4781 
-6665 
16149 
16737 
-16878 
-15486 
22621 
-12268 
-15158 
-1241 
392 
-15540 
-21142 
19943 
6035 
18493 
3930 
12648 
16882 
7479 
24504 
8416 
-19069 
13666 
13533 
-18930 
-9600 
9425 
-9776 
19377 
3087 
-13684 
-23602 
7976 
21679 
-8075 
-15313 
-3465 
13876 
13403 
22214 
-11508 
-11431 
1003 
-10704 
2004 
-10835 
11347 
12577 
24291 
-15168 
18741 
-10703 
15122 
20994 
1140 
13468 
-10160 
-1795 
10690 
-6462 
-6835 
8221 
14249 
-162 
8470 
9061 
21854 
8714 
-18284 
10514 
17084 
9312 
-886 
-21538 
-5428 
8194 
5411 
15560 
6219 
-8868 
5841 
15346 
-7890 
24206 
-3855 
-13250 
-16481 
6173 
-21240 
13420 
9571 
-16358 
-16703 
25006 
24948 
7279 
4760 
23562 
13955 
9221 
22510 
3980 
17022 
-1578 
14981 
-15809 
10422 
10347 
13302 
-15744 
6592 
-1138 
-11984 
-6474 
8709 
-795 
2337 
-14452 
21022 
-14977 
-23364 
20351 
-20664 
-9240 
-1233 
9667 
24755 
-19999 
13047 
-2652 
-10986 
-14871 
10602 
-14616 
13687 
2442 
-18350 
-12009 
4864 
21582 
-2350 
-92 
-7931 
-14568 
-20101 
2485 
18290 
20357 
8943 
13827 
17593 
-21267 
17882 
-21589 
2563 
-20184 
-3413 
-14510 
-5485 
2859 
20833 
8839 
-13240 
20682 
22857 
-10819 
-24532 
20648 
16574 
-1 
493 
-17922 
-22826 
13796 
11680 
20924 
4826 
-19523 
-16760 
-13692 
-5419 
9918 
11165 
24229 
-5548 
-24085 
1397 
-9171 
236 
5185 
-11485 
-24454 
-8128 
189 
-16087 
7078 
-20656 
48 
-8178 
11633 
-20525 
-23307 
15526 
23479 
8445 
-19815 
-24902 
17951 
-18568 
-21282 
-2203 
-17341 
13772 
225 
-7856 
10519 
23470 
-23410 
12302 
-270 
10978 
19540 
18782 
16773 
-2200 
11272 
-19995 
20848 
24133 
17953 
4568 
7445 
25078 
-17095 
-13726 
-15897 
-193 
16799 
-16383 
19078 
13523 
-13595 
-7447 
-17017 
20173 
-14251 
14136 
-14167 
18362 
-480 
-12033 
14094 
-1453 
10162 
12144 
-14950 
6263 
21726 
-24131 
-23387 
19164 
-7445 
14802 
-21065 
24879 
5813 
-9747 
769 
3054 
20759 
12886 
19281 
-142 
-1684 
21464 
-23848 
23028 
-12727 
23610 
-15257 
-14519 
24301 
16557 
-16366 
-5562 
13917 
20582 
6346 
-2956 
2410 
6664 
7197 
10699 
-24580 
20871 
-3182 
5257 
13910 
1347 
-21262 
4911 
10778 
22329 
12517 
-7363 
8277 
5277 
13278 
-4897 
23825 
11008 
-16519 
-8448 
-8774 
6477 
18311 
12387 
-21402 
5455 
-9144 
21284 
14334 
-12186 
-9471 
-21598 
23809 
3385 
20617 
-4205 
25011 
18252 
-24180 
-23849 
14416 
2664 
1172 
12698 
23114 
22609 
-24712 
3683 
-12281 
5750 
-9252 
-24471 
-16174 
-4813 
-20314 
-16120 
-12468 
-9938 
17904 
21677 
-5795 
-6343 
2845 
11509 
-19309 
12820 
-19100 
-892 
21865 
-8279 
-19080 
-2279 
-7435 
-20995 
15198 
2877 
3545 
16130 
5481 
4002 
-560 
10134 
2170 
-9734 
12616 
10203 
-19658 
18510 
-10261 
419 
23535 
-7554 
23456 
-24990 
-8704 
-10994 
-9894 
10740 
20826 
-646 
4708 
5667 
-5399 
-17964 
-1765 
-754 
-3498 
11368 
18368 
15226 
15950 
-20811 
8422 
-668 
-2041 
10409 
16353 
10985 
23307 
-20169 
-15185 
4685 
-6741 
-9768 
-4168 
-9265 
-24298 
21741 
23300 
-10113 
9771 
-9567 
-15046 
-6419 
-24049 
16218 
4520 
-6768 
-23965 
9201 
8700 
1540 
-2521 
-12746 
4954 
-18913 
-22374 
25166 
-11362 
-13165 
-18803 
-17379 
-23867 
-1715 
18983 
-16900 
13329 
-3933 
-21317 
-23338 
-12865 
24561 
13121 
-20349 
-4358 
13191 
24132 
7594 
-10848 
-14269 
21692 
17746 
-3818 
11399 
-5881 
-13499 
-20343 
-15454 
-6683 
-111 
-5709 
25091 
8641 
7070 
25186 
-20755 
-1888 
-13630 
13553 
-4717 
-24194 
17018 
-7798 
7727 
-2890 
23727 
22132 
4968 
-7248 
-2307 
18148 
-8557 
5190 
-22059 
10821 
-22300 
10798 
-14034 
17673 
-1101 
-7125 
-852 
16357 
20123 
9448 
-16600 
-12743 
-20079 
-2533 
7183 
16395 
15735 
-774 
-8613 
-17094 
-3019 
-23839 
3486 
7425 
-22084 
18648 
15402 
2600 
-11898 
9792 
-23027 
-1201 
-11471 
14355 
18383 
-11763 
559 
24818 
-9619 
-5594 
10059 
326 
14584 
12257 
4536 
-11393 
23549 
-15900 
15849 
-2246 
24225 
-5086 
-21035 
12176 
-16842 
18759 
-14403 
7813 
1865 
-9143 
18901 
17897 
8195 
-4796 
-1402 
-13191 
-2558 
-4352 
-11296 
-1747 
-11648 
5653 
850 
8297 
-18961 
5129 
-14771 
-10843 
-24564 
6364 
5732 
-14000 
8847 
-9363 
13439 
-24740 
6918 
13247 
9325 
-9813 
-13316 
8286 
11277 
-3128 
-837 
-21302 
19506 
-19266 
11755 
-12964 
-4630 
15563 
-16578 
16717 
13442 
4782 
39 
-6913 
8000 
-624 
-11905 
9612 
-1455 
5279 
-22474 
16438 
13050 
-1137 
-22660 
-11697 
-3703 
-9904 
19114 
-373 
-14180 
15625 
-2420 
9873 
-8139 
411 
-19506 
-24969 
10243 
-14545 
13160 
13432 
14154 
3379 
23984 
21256 
7943 
24087 
-19427 
-4623 
16262 
-23933 
16566 
4448 
-12298 
-2061 
14913 
-17149 
-9290 
8341 
-18549 
-3132 
19847 
2774 
19271 
4233 
-1188 
3505 
-18155 
-19181 
-4382 
-15224 
-22625 
11706 
-16833 
19776 
-5217 
4526 
-5611 
-2325 
18400 
16654 
-24072 
-16889 
9754 
-23369 
-7338 
7082 
-546 
-14102 
-1502 
-5472 
-5166 
-7928 
-4661 
-861 
1527 
-22574 
-24509 
-11229 
-11033 
16859 
23227 
-23168 
16947 
-5232 
4600 
-21714 
-2263 
12673 
-22627 
-16030 
-595 
-23725 
14544 
2150 
-17259 
16782 
844 
22958 
-1820 
17942 
-1993 
21355 
-9752 
-5502 
18623 
10219 
11091 
14368 
17564 
-6843 
11413 
17066 
5301 
14465 
10397 
-9572 
-8728 
-17678 
-12794 
24844 
-12684 
-17827 
-11457 
4752 
9795 
13071 
24397 
14477 
2921 
8092 
-4129 
10429 
-24155 
15805 
-7278 
21261 
15289 
16080 
-24161 
-23236 
13423 
-9598 
-9474 
-11679 
-18580 
-11743 
12798 
18787 
-18890 
-20389 
-14116 
-3115 
2541 
18491 
22557 
-12289 
4703 
4304 
-429 
18528 
-13973 
-1639 
22808 
-3677 
15607 
9127 
19548 
19522 
-17939 
-15940 
-1754 
15882 
-2714 
9168 
-8285 
23230 
-6382 
-23113 
-21046 
18254 
-11000 
8258 
-246 
8551 
4306 
17664 
4733 
-22144 
-5811 
15026 
-8987 
-19417 
13601 
-1876 
18673 
24403 
-18368 
-14257 
-11657 
23369 
-5711 
20332 
-15446 
17629 
4029 
-21670 
4186 
-4674 
-7159 
-20652 
-23622 
-24078 
15777 
11764 
11112 
-13927 
-19637 
-9722 
-3824 
-18950 
-20829 
18359 
-6040 
-11298 
15184 
-15886 
-15917 
-7227 
-4906 
-23999 
-2879 
23771 
-4151 
8661 
4324 
-24233 
-14935 
13064 
6821 
-2965 
-24379 
-6511 
-2358 
-11807 
-12618 
-15020 
-19333 
24255 
11753 
10029 
-18015 
-24653 
15356 
6852 
-459 
-12894 
-19398 
3684 
-22403 
19736 
-23142 
-11452 
-11164 
-24546 
24230 
7433 
4041 
-13847 
-9295 
-9767 
14364 
-1262 
-5393 
16898 
-18668 
-23104 
12275 
-14238 
14260 
-73 
-19918 
15377 
-12511 
22368 
-15425 
-532 
-5821 
18144 
11910 
20777 
-10078 
-7763 
21612 
-6149 
-19840 
2673 
23541 
-13838 
5477 
14667 
-6473 
24019 
-22404 
-7911 
2304 
16540 
-17390 
6689 
12876 
-3038 
16883 
21521 
-174 
6123 
-24735 
-10517 
14643 
-14159 
17297 
-10373 
2348 
-8027 
21719 
13854 
15854 
-22406 
-9225 
-10200 
-14788 
-24557 
-19152 
-4277 
-21661 
22039 
-22904 
-22451 
-14393 
-21334 
-288 
-8860 
2714 
-6618 
-15275 
-10227 
4112 
-3296 
4876 
20964 
-13855 
12216 
-14927 
17286 
8096 
25174 
-3333 
17877 
-9319 
10664 
-14040 
20966 
-570 
-21193 
20138 
11692 
15460 
7755 
-17624 
-6844 
8433 
11830 
13697 
20959 
24682 
5283 
-2931 
18824 
-2164 
-19913 
-2426 
6598 
-15580 
-11608 
-8516 
-22068 
-18343 
1388 
4354 
7971 
11035 
-16140 
12910 
-16784 
-9412 
14554 
-7749 
4919 
-17234 
-16955 
-17446 
-7353 
-5327 
-8462 
-7355 
6559 
23934 
864 
-22456 
21403 
-6447 
-9977 
9907 
10447 
20919 
-15550 
9241 
-14808 
-5192 
-8806 
-2475 
4121 
23424 
-5752 
6590 
5657 
20495 
-5946 
11964 
-12848 
-22548 
-3585 
-15245 
6682 
-5824 
-15412 
10359 
-9833 
-23097 
7353 
-9229 
22988 
16029 
-4065 
15639 
23735 
-4120 
-22688 
-4924 
4807 
-7130 
22860 
-9190 
12455 
-14577 
-9926 
11211 
4416 
551 
5602 
-8904 
-9154 
-5713 
-13443 
6519 
18814 
5946 
-13318 
10376 
-22365 
3341 
13153 
8583 
-20792 
-16533 
8670 
-13199 
-19125 
22412 
22303 
-6190 
4821 
10779 
8279 
-18266 
-16002 
13968 
16503 
-3958 
-2665 
-24679 
1292 
-16179 
-23746 
21139 
-5143 
-15512 
22341 
4743 
-5771 
-7303 
1568 
-1962 
-2527 
-10187 
14169 
-21013 
171 
-6136 
-11079 
-10574 
2289 
19210 
-3303 
-7920 
15217 
14223 
-15291 
-644 
-3379 
4571 
20477 
18045 
6788 
7646 
9177 
14752 
-21920 
5986 
889 
-8761 
-6926 
14506 
659 
21030 
22607 
-15792 
-1724 
16402 
-21109 
14186 
-10005 
7601 
13450 
12564 
-5977 
2938 
15771 
9856 
24792 
5285 
8905 
23901 
-23950 
22859 
-7976 
-17706 
3698 
17223 
-1483 
19482 
5486 
-16005 
23106 
-16504 
17001 
-9887 
-19339 
-10784 
7541 
-17264 
-24776 
23858 
-8417 
-4267 
9330 
-23829 
12277 
19925 
-3771 
14701 
10304 
17626 
18319 
-11354 
-11861 
19764 
15370 
-22925 
3743 
-11137 
24999 
14597 
17716 
20894 
-10715 
25085 
-7415 
7123 
15200 
20024 
13037 
16940 
-19197 
9272 
-12838 
-9823 
-8408 
20693 
-10779 
1048 
11580 
10872 
20276 
-18425 
-7832 
6462 
-9267 
11796 
5637 
3292 
-24919 
18758 
-24793 
21420 
-24198 
-18687 
-2378 
-17637 
2159 
-13332 
18995 
3462 
-20866 
8577 
22208 
-15134 
18436 
-3325 
1 
-11144 
-5856 
23794 
7695 
-11642 
24078 
-21597 
18267 
3546 
13502 
-19274 
19385 
7470 
13198 
-1320 
-813 
7513 
10682 
-20422 
3815 
24419 
-11711 
-10188 
3312 
-4719 
15699 
-12930 
3834 
-12095 
19411 
24063 
22704 
-16217 
24402 
-13770 
2780 
17937 
-7644 
-8001 
-22892 
24432 
-5252 
7880 
16581 
-5324 
24839 
11397 
-23546 
-4788 
14405 
3320 
-17034 
4278 
11228 
18156 
16234 
-5066 
-6295 
-2806 
-3129 
-5982 
636 
-2379 
-1836 
21887 
-23405 
9640 
-10744 
-20754 
16412 
-3123 
15010 
-22561 
22781 
4938 
5596 
22335 
-24227 
-10790 
9090 
-6577 
4329 
283 
-12576 
-2002 
23662 
20684 
-21556 
12017 
19885 
-8912 
11510 
-14281 
12060 
-729 
-9555 
-12975 
-11211 
-6953 
-6827 
-5629 
22465 
589 
-13786 
-2829 
18312 
14479 
23944 
9281 
-16283 
-22171 
793 
-5575 
607 
2551 
-11515 
-12448 
9037 
23968 
-15994 
15195 
587 
19499 
-4830 
13277 
1300 
24114 
-717 
-24339 
16498 
-5042 
1853 
-23677 
-12148 
-14364 
-14651 
12095 
-18327 
-13458 
5828 
9844 
23604 
-9929 
-241 
-8261 
-12027 
22172 
-6006 
-21548 
-1436 
98 
8938 
20147 
-6949 
-8832 
1406 
1061 
5877 
-9006 
-20623 
20750 
5442 
17970 
-11430 
11124 
7619 
15821 
-3146 
3608 
-12202 
17613 
23462 
12465 
-14208 
3449 
867 
-14266 
2603 
292 
23425 
11529 
5609 
7175 
2354 
-8331 
-2175 
3867 
17457 
11809 
-21595 
-5493 
19325 
20942 
-8089 
1957 
22512 
-22723 
22199 
15715 
-8490 
-5458 
-23304 
21651 
-23065 
18665 
6353 
23203 
19895 
-11086 
1485 
-8882 
-23411 
-3537 
11432 
25059 
-2726 
-18504 
10922 
14996 
7240 
23051 
13372 
12705 
-11510 
-10968 
13011 
-22415 
1556 
949 
-10630 
1191 
4908 
-4989 
-11911 
-18539 
-15506 
3412 
19722 
11496 
6050 
-511 
18135 
12713 
-23117 
-6147 
8068 
-19543 
-8776 
2880 
-232 
-24852 
13285 
11901 
24966 
-11201 
-21253 
-24519 
-20437 
13323 
11186 
-11384 
17868 
-393 
11784 
18642 
22951 
-22867 
11805 
916 
17849 
8992 
-2028 
-12890 
17416 
-9342 
8829 
-4377 
-3610 
-19527 
472 
-9053 
3652 
2421 
19782 
-5627 
-14226 
3271 
-11615 
14024 
1930 
21694 
4159 
23168 
183 
-3788 
16252 
-8470 
-8601 
-10665 
-9211 
1676 
-6680 
-3598 
-11856 
21970 
2998 
-15087 
2157 
-23318 
-770 
-4775 
-4715 
19536 
17437 
-7820 
19267 
-20681 
-15824 
2521 
21249 
19454 
-13991 
15263 
-15781 
6475 
-18314 
-15605 
-10222 
4518 
-5959 
19427 
-9384 
-16936 
11590 
8887 
-16314 
-6777 
-7571 
4253 
23881 
3924 
-16167 
3107 
-1386 
-533 
-13870 
-2000 
21202 
-4561 
-1703 
-20322 
-16010 
-9510 
-20291 
24143 
-20494 
-24891 
-12492 
-476 
-1690 
-1566 
-15563 
-3804 
-8099 
-1471 
9695 
-4106 
-12259 
7324 
-22936 
-23212 
21518 
6939 
-8479 
9442 
-18949 
9183 
23955 
-22705 
4431 
4358 
8958 
23719 
2730 
-16535 
-4943 
-22033 
2385 
23873 
-1423 
-16352 
-20733 
-11116 
-13142 
14424 
13114 
3458 
18785 
6137 
1953 
-3913 
1697 
8380 
-22702 
-2756 
-8574 
12500 
-9110 
10806 
19204 
-4876 
1112 
-1733 
-14337 
-11016 
2075 
-12986 
-16812 
-23391 
-15749 
15098 
2575 
15072 
1438 
-17002 
13234 
-18725 
-8357 
-3638 
-1022 
-1718 
23346 
-1484 
10332 
-16510 
12266 
-1053 
-19406 
-22804 
-17385 
-9096 
-13503 
14743 
11459 
-9418 
24575 
8089 
2646 
-11239 
-18485 
-265 
-18576 
-13135 
-23889 
-15376 
-17386 
12657 
24585 
-15904 
20181 
5295 
14892 
-9669 
-5511 
-4375 
-18627 
5819 
-10303 
-14333 
13465 
18781 
10313 
16491 
11260 
3201 
14021 
-9743 
13051 
22873 
-5344 
-11052 
2264 
-22915 
11191 
20239 
-744 
2578 
13116 
16765 
12549 
19927 
17100 
-19741 
13206 
-15832 
-16094 
-11151 
7904 
-22462 
23608 
-6324 
16520 
12962 
-13491 
-20900 
-411 
25126 
-22734 
10084 
16208 
2960 
531 
-19529 
-2238 
-24573 
10765 
19753 
991 
-1087 
13408 
-11613 
-1802 
7572 
10862 
15280 
-4858 
9969 
18076 
3632 
-7476 
-2868 
-2678 
2709 
-9606 
-13307 
-22484 
-18462 
11094 
7816 
18907 
-2483 
-5331 
20400 
-18658 
-7680 
21156 
17771 
15691 
13923 
-16137 
-17236 
18270 
-18085 
17477 
-20768 
2746 
-5020 
-2987 
-11716 
1137 
6832 
9432 
-13079 
-20677 
-13197 
-18446 
-20543 
-24394 
-13172 
20492 
1722 
17304 
-23843 
23434 
-12166 
-3532 
-1803 
-2834 
-1924 
13692 
-10395 
-20643 
5891 
-1216 
-8360 
21579 
6867 
-14188 
-14826 
12859 
-24361 
-20732 
-2472 
-21078 
6809 
12316 
9156 
22763 
-126 
-12357 
-24439 
23863 
-23927 
18733 
22130 
-23011 
17349 
-3840 
-21875 
16265 
5035 
-21165 
7531 
-15985 
8115 
10390 
-16375 
2247 
15056 
21953 
-13358 
-8731 
-22469 
15251 
-1153 
337 
-23942 
22251 
17769 
-2367 
-5406 
-13475 
-18740 
2936 
-23336 
17109 
14878 
14675 
-1512 
19677 
-16824 
1291 
-22342 
-13778 
25019 
-17052 
-11426 
-5015 
3552 
19068 
-7257 
-24451 
-18615 
9030 
-23648 
22075 
6731 
-16829 
21906 
-18638 
16352 
-20693 
-24178 
-7019 
11033 
-7412 
100 
19155 
-1226 
-17989 
-13563 
-10893 
-20218 
-18099 
13389 
-4985 
-1427 
-4363 
-15518 
-21448 
-17737 
-3992 
-22664 
-262 
-1068 
8252 
-7521 
10559 
11883 
-59 
24775 
-17812 
22790 
24361 
-24018 
5184 
-21926 
4714 
-17332 
24650 
-18988 
-12125 
-285 
-13104 
5883 
-15560 
-139 
-2089 
-15896 
13190 
-16461 
23507 
7548 
683 
-10214 
-10675 
718 
24437 
-24693 
-12579 
24271 
-3757 
24152 
-9906 
-1480 
3654 
19888 
-10175 
22120 
14574 
8120 
15572 
-17092 
21506 
-8383 
-23134 
12278 
-19117 
18050 
-17011 
18596 
5690 
-11445 
-14951 
-22283 
-7656 
-22786 
15243 
-13877 
8273 
-20471 
4217 
16844 
-21474 
22393 
22693 
15638 
2465 
12952 
2278 
24779 
8013 
24647 
-23074 
18104 
-22830 
17834 
14266 
-21628 
3520 
23254 
11658 
13171 
17464 
-13694 
10100 
-7461 
-22860 
7165 
-578 
15941 
-19194 
-7318 
-16437 
-3571 
-19003 
4191 
5914 
-23755 
3858 
10755 
3147 
-9850 
4774 
-11316 
3915 
17007 
24484 
-6235 
11426 
15707 
16754 
-23348 
24507 
2295 
4793 
23731 
6708 
-19792 
-3254 
-7085 
8730 
15954 
-8319 
4784 
-24931 
4172 
15341 
-22523 
-10403 
24536 
-13319 
11317 
-7308 
-3456 
-10914 
327 
-2966 
-18008 
-10433 
14630 
-16908 
9994 
-21637 
-4621 
6322 
-16973 
23760 
5434 
-4393 
8417 
-13049 
-15339 
23376 
-15931 
19628 
262 
-17963 
-12936 
5202 
-7859 
19396 
19449 
-24385 
7611 
5985 
22836 
-1179 
21640 
8022 
-1207 
-18555 
2120 
17684 
-10865 
8151 
8054 
-20015 
-1025 
-11619 
-14358 
-11463 
-21380 
10320 
20445 
24345 
4925 
-2620 
-7273 
-2607 
-21125 
14610 
6953 
-18204 
12202 
16954 
-12585 
20504 
-23183 
-11993 
2992 
14969 
14704 
-24661 
-4160 
21164 
3233 
6459 
9794 
7956 
-14175 
13068 
8071 
-7040 
-17292 
-22220 
-20162 
11626 
-208 
-18653 
-12507 
17606 
-9588 
807 
-14998 
22551 
-24531 
-17116 
-9089 
-15541 
-23309 
2235 
-23408 
10184 
18868 
22620 
24048 
-21354 
20948 
-20245 
4440 
3430 
20102 
-5411 
23200 
-5700 
-13907 
10619 
-3880 
12938 
-17185 
14160 
-1174 
19993 
19623 
-15970 
7249 
-9947 
24670 
1916 
-20509 
25109 
4517 
14022 
-2574 
5506 
2871 
-23882 
-22105 
-24692 
-13259 
-884 
-23377 
-10571 
-14547 
21626 
7825 
6087 
-10142 
12789 
-10957 
-11012 
3685 
-14713 
-19580 
13749 
16033 
-4332 
22580 
9967 
-12675 
24123 
9760 
2422 
18682 
-17168 
-23141 
-2301 
11336 
2585 
-10072 
12813 
-6648 
16709 
6887 
10019 
5403 
-14551 
3875 
-16939 
7024 
-8019 
18846 
5346 
1747 
-20856 
-1092 
23762 
16676 
-209 
-20952 
21812 
10095 
-20759 
20795 
-1355 
22181 
20269 
7085 
12133 
4437 
-6979 
-9092 
23983 
6820 
9364 
-1837 
24639 
20230 
8160 
20609 
-4592 
17657 
5256 
-13087 
15917 
15778 
21836 
-22999 
-10930 
-4058 
11487 
-15565 
6070 
-180 
20195 
17034 
-19497 
-18608 
10972 
-22514 
13000 
19578 
6556 
16725 
-9343 
16945 
24900 
-4012 
1839 
-8519 
13805 
9590 
11406 
9415 
11050 
-14492 
15392 
15153 
10274 
17316 
3363 
-5720 
18502 
24234 
6193 
-12990 
-23247 
-3083 
-8130 
-1154 
1079 
23586 
-1454 
-22810 
24033 
16147 
22235 
4226 
-19426 
-14422 
-23513 
16369 
3219 
16225 
18866 
6051 
22022 
9761 
-10500 
21346 
-19108 
16388 
24336 
21658 
23060 
444 
8335 
17150 
-19227 
2507 
10197 
17250 
20229 
24568 
-14247 
-5554 
15408 
2432 
8265 
3600 
-822 
-3860 
-11078 
-23327 
-20577 
-24410 
-3269 
-18996 
-19011 
16916 
-698 
3120 
17186 
15585 
21767 
85 
22965 
-18227 
-11525 
-1478 
-2032 
-6502 
13888 
-19278 
21882 
-709 
-15088 
16797 
-17031 
-2371 
13933 
8060 
21601 
16144 
-6068 
-2150 
626 
1091 
2798 
4779 
20770 
-7176 
21436 
8386 
3260 
8978 
-652 
11461 
-9650 
15398 
-13132 
3801 
-2918 
-1125 
-420 
-3523 
-4438 
-1349 
15717 
-6475 
-8313 
-21604 
-4209 
-8378 
24379 
-6317 
-17911 
-22521 
13175 
-8187 
21341 
-4415 
-6529 
-19381 
-20157 
19477 
23802 
-24749 
14239 
3394 
-960 
14825 
7783 
-22875 
-13946 
-20070 
-18700 
2434 
16501 
-23738 
-3921 
-7839 
-24583 
-790 
-10246 
-16662 
23240 
433 
366 
2040 
-5353 
17761 
-19534 
14005 
21503 
-5833 
-5512 
-600 
17861 
7571 
20333 
-8055 
22050 
-14646 
-21407 
-20018 
20364 
23155 
-22530 
-3743 
-2659 
-10040 
12861 
-24039 
-10398 
-16072 
15065 
24739 
3175 
-8772 
17570 
14105 
20596 
-18094 
15927 
2308 
-1586 
-22333 
6992 
7231 
12552 
17965 
17929 
-5423 
-7606 
9870 
-15199 
21725 
-11069 
-17383 
-18644 
8716 
-12819 
22313 
12972 
14932 
-8112 
-15871 
24610 
8766 
13046 
-9784 
-6562 
-17679 
24813 
3884 
8586 
20027 
14029 
-16995 
3734 
3468 
9306 
-20283 
14634 
16984 
-21346 
20085 
-9684 
-21651 
22774 
11619 
2244 
-17972 
6773 
8861 
-22149 
-20211 
20461 
-5767 
-855 
19009 
-16626 
1183 
-4299 
-22608 
23989 
8787 
-7265 
-11924 
-23087 
447 
18374 
17683 
-16793 
8050 
15385 
18174 
1558 
18807 
22640 
11351 
18437 
22537 
24170 
6294 
-4464 
-11847 
-13837 
-24371 
20916 
-7587 
10738 
-3006 
-16885 
-32 
15128 
12293 
-12453 
23450 
18275 
-18811 
-7137 
-18861 
-24786 
-324 
-4396 
19627 
-3214 
-23238 
8403 
2594 
-4750 
-24408 
-11219 
-2974 
20831 
-3348 
-5444 
9207 
-16305 
-2342 
2377 
21080 
14004 
1682 
1899 
-8464 
22397 
22841 
-4773 
5987 
7765 
11804 
-19647 
-20585 
9321 
-2297 
11654 
10196 
-12665 
11148 
2093 
-21291 
17646 
-4765 
14485 
-9896 
5448 
21377 
4972 
-6892 
24156 
-2102 
8319 
1947 
-14365 
-24053 
-23056 
-7126 
-24182 
-7783 
-24753 
20857 
12956 
-14036 
14388 
13078 
-17020 
16114 
-12157 
14999 
-23858 
2809 
-1734 
24454 
-24017 
21240 
-8653 
24572 
22544 
-17010 
18454 
1598 
-24213 
-132 
15334 
-24574 
-14123 
-4359 
-21869 
-8781 
-22054 
13146 
21187 
5693 
17375 
17577 
-17609 
-6386 
117 
-9332 
-196 
-13992 
-678 
9916 
-22269 
-1324 
16864 
-14742 
9534 
15783 
-23539 
-17436 
5319 
-13181 
-3851 
-407 
13638 
8617 
-3393 
-8585 
-5436 
13347 
5065 
16214 
-9128 
-3731 
-22605 
-8582 
-7405 
-5968 
-18999 
5056 
25176 
-7379 
18943 
-6110 
-219 
-10419 
-15504 
15665 
581 
-12741 
-14508 
23817 
7580 
16808 
18652 
23135 
5329 
12065 
-21295 
-5413 
-4609 
2533 
4385 
2315 
-7422 
3753 
8038 
-12000 
21046 
11135 
-16802 
-15108 
-10389 
16240 
-2509 
12752 
-20883 
23269 
-12183 
-17782 
4709 
-986 
7052 
-9909 
2695 
-10862 
-12518 
19042 
20281 
-2266 
-11124 
8460 
-21120 
-7693 
-7804 
-10467 
-13579 
-11850 
-23210 
21915 
-17835 
-11946 
17528 
8778 
-23695 
18231 
-21054 
-15283 
13816 
-8306 
15978 
11892 
8326 
-14594 
-21993 
6362 
-20815 
18416 
-10976 
10761 
-16386 
-24928 
-6867 
-21562 
11083 
-20327 
-13935 
-22186 
-18931 
19280 
11418 
-7742 
18328 
-20266 
-2590 
-24487 
24442 
-7100 
-12382 
17191 
-6860 
-6412 
2329 
-19779 
-4529 
5766 
-5160 
1414 
6573 
17790 
15474 
931 
-2733 
17741 
3279 
-14915 
-10658 
-12731 
5589 
16910 
-24819 
15874 
-24215 
-15710 
17117 
-8593 
21938 
-20274 
6722 
16760 
-453 
-8060 
-6489 
-14443 
2759 
-7155 
-2107 
-7719 
-19007 
1202 
-1434 
2893 
21432 
12224 
-166 
-16591 
-15176 
18897 
-323 
10126 
-22217 
-16275 
-8990 
-22945 
14859 
-6309 
-23575 
12102 
8248 
-13539 
-2596 
-7661 
11775 
-11091 
11728 
9080 
-17122 
-775 
23921 
5266 
13091 
-5045 
-11504 
14972 
-4051 
-10918 
-17483 
-15677 
2114 
-22641 
23248 
-6457 
16931 
18516 
-5724 
-20998 
-21494 
-15294 
-18019 
18853 
-24672 
4493 
-19979 
15763 
11341 
5918 
-9760 
-5865 
21183 
-18500 
16178 
-21735 
3470 
20541 
-2121 
25122 
3647 
-6452 
-19312 
11359 
-10881 
-6395 
3048 
651 
-5615 
-8004 
-22148 
-1838 
16156 
-17021 
19710 
-14375 
17976 
-12825 
5049 
-6597 
-11251 
-16029 
-7886 
-23951 
12378 
-4230 
17547 
12480 
-20966 
-10020 
-993 
-13383 
13768 
-24922 
12961 
16082 
23221 
18431 
-18303 
-2729 
16863 
69 
667 
-11213 
-16008 
16089 
5775 
-3666 
12523 
-15762 
-469 
14085 
-14815 
2818 
-5079 
17010 
-16289 
-20058 
-21916 
-16985 
978 
-5518 
-10443 
10899 
25150 
11295 
21866 
19495 
-1829 
495 
2686 
19084 
89 
-1491 
-7580 
-18843 
-20403 
-21084 
-4369 
-18482 
-17522 
-15458 
13701 
12411 
2407 
25181 
-5740 
1255 
17057 
8456 
7253 
10472 
-16635 
10237 
9583 
