2000
-664 
467 
-2104 
-1948 
1476 
363 
4667 
-1614 
-3318 
161 
-2085 
-4238 
-4652 
-4036 
3966 
3954 
-4357 
-3372 
-2466 
242 
-2521 
-3528 
-2062 
274 
1988 
1806 
2790 
4946 
4299 
3622 
4360 
-4405 
2168 
-3694 
-4517 
-4173 
2835 
2288 
40 
-872 
3594 
4405 
1828 
327 
-759 
-740 
170 
-1026 
-1910 
1512 
445 
-4361 
1449 
2 
-2283 
754 
780 
-4945 
4159 
757 
550 
-1523 
628 
-4980 
4368 
514 
-2444 
3503 
-4973 
-3139 
2561 
-1513 
4148 
1480 
-2361 
-2958 
-892 
-4668 
-1579 
-4048 
2378 
1556 
-3042 
-2166 
-4621 
4279 
390 
-4065 
-772 
2078 
3950 
-4789 
-2575 
-19 
-4898 
1136 
-9 
3895 
1173 
-238 
-1748 
-1364 
3268 
-4430 
-3461 
-105 
-4289 
-3536 
3283 
1042 
-1211 
-8 
4909 
1033 
1028 
-775 
4816 
-3968 
-164 
439 
-1904 
979 
3090 
-2727 
3742 
2289 
-3699 
-3455 
-2650 
2726 
2442 
2697 
4505 
-4015 
4277 
2023 
-2033 
1965 
-1278 
-2151 
-2688 
1427 
-3395 
4835 
782 
-2881 
2854 
-2775 
-3809 
2705 
2058 
340 
-2946 
3850 
741 
-1379 
-729 
-1656 
150 
-4849 
-545 
-1467 
-265 
827 
-2400 
807 
400 
1878 
-1183 
-3872 
268 
809 
-3915 
349 
-87 
2038 
-1887 
-789 
-4599 
913 
-2751 
4005 
-2606 
4388 
-2027 
-4784 
-2401 
3218 
891 
-1622 
3020 
-113 
-383 
335 
-54 
-4352 
110 
4632 
4915 
4242 
-2738 
-3148 
-4183 
418 
494 
5005 
-633 
-3425 
-316 
-137 
-3944 
-2266 
2489 
2133 
-1570 
-620 
-397 
1600 
-4181 
18 
3321 
2555 
-1634 
1292 
-4271 
-4297 
1016 
2480 
-4474 
-4718 
-1758 
3241 
2794 
-880 
-3309 
3042 
-3835 
1712 
2176 
-3764 
-4875 
1099 
4827 
-2322 
3623 
835 
5092 
1454 
-172 
-4810 
726 
1171 
3755 
-4508 
-4916 
-3470 
5066 
1489 
3713 
-1480 
-4858 
-430 
-4772 
861 
-4925 
1369 
-3267 
-2420 
5057 
3838 
-1091 
3683 
-2591 
2712 
4979 
-542 
-1787 
3388 
-1442 
3150 
1102 
-811 
-3701 
-536 
876 
-1233 
-4284 
-1376 
1649 
2294 
886 
1387 
-2942 
-1932 
2405 
3467 
-606 
-2193 
-338 
4468 
1701 
480 
1927 
-4711 
4801 
-3910 
1053 
-2072 
961 
-3651 
-2861 
3767 
-2562 
-4110 
-3252 
-1346 
-4102 
1111 
3193 
-1636 
3758 
4655 
4354 
-3130 
4084 
71 
3736 
1844 
-4717 
-206 
-3232 
4359 
-1892 
4201 
688 
-107 
-4950 
-1123 
-519 
-4077 
2001 
3371 
-2101 
2210 
1881 
-2334 
-4253 
2802 
1178 
-554 
-4204 
4217 
-905 
2074 
2174 
-1319 
1718 
559 
-2506 
-993 
3750 
-2627 
172 
-4837 
2543 
1239 
4619 
-3681 
-837 
-1672 
986 
-1530 
-682 
4554 
-615 
4429 
-883 
-1723 
-3824 
-2336 
-2183 
-3901 
1232 
-4117 
1682 
-804 
4046 
-4040 
3925 
-304 
-4337 
2448 
-25 
3213 
855 
-512 
-4819 
553 
-3056 
-2391 
-3149 
-3258 
-3518 
-3081 
-2525 
4754 
318 
-221 
-1301 
3676 
-2303 
-4700 
-4747 
42 
447 
113 
-1716 
-4522 
983 
3070 
4969 
2975 
23 
2467 
-4702 
-2349 
-3713 
-4932 
-3645 
706 
3422 
-3936 
-4039 
3112 
1370 
4806 
1210 
3170 
4508 
1278 
-2906 
-3776 
-2096 
-2280 
-4503 
98 
763 
871 
-766 
-3240 
3578 
1849 
3545 
3356 
3424 
-1296 
3830 
-2981 
801 
-4952 
-1384 
557 
-2437 
3460 
-4466 
-2012 
-1426 
-2676 
392 
4113 
-1836 
1953 
2880 
1089 
-1078 
1258 
2159 
-2136 
5074 
2477 
4586 
1631 
1161 
636 
3801 
-2876 
-4840 
-2633 
-2962 
1738 
4257 
-2697 
-2835 
-1528 
1690 
-496 
3135 
-2213 
3492 
2844 
4436 
4499 
-4035 
-3996 
256 
-4130 
1389 
2010 
-1334 
-2159 
-442 
-3686 
-355 
-4144 
-174 
3396 
-1710 
-3244 
2905 
4365 
1814 
-4158 
3704 
-380 
1549 
2273 
3734 
-1049 
3636 
679 
501 
-1025 
-2732 
-961 
2740 
-3065 
-3202 
-1464 
-90 
56 
2784 
-3706 
1127 
-1241 
-154 
-1287 
294 
2663 
3034 
1346 
-3795 
-80 
667 
-2719 
-448 
-4459 
2135 
-1429 
-3772 
-234 
-3884 
88 
-4446 
2450 
2671 
2819 
-3294 
1496 
-4324 
-4725 
234 
4945 
-705 
2358 
4038 
-3664 
592 
4074 
2367 
3217 
4578 
338 
1611 
-1354 
2826 
3256 
-2893 
4613 
2099 
-1708 
4094 
-781 
-1152 
2108 
1396 
4497 
-2710 
2354 
-1739 
-1350 
3451 
2653 
-3807 
-332 
193 
-409 
-1869 
383 
-3358 
2579 
-4855 
2323 
1434 
1364 
-4242 
4162 
3942 
4035 
-2309 
-4936 
-4575 
-2933 
-4856 
-544 
4144 
-306 
-2668 
-1681 
-4598 
3571 
718 
-3623 
2012 
662 
-4264 
2979 
460 
-3500 
4675 
977 
-3984 
1226 
-998 
-3730 
-2316 
-3788 
-757 
631 
-3950 
-295 
676 
4231 
-957 
4786 
4684 
3561 
-2917 
-3409 
-4763 
-566 
3149 
1306 
-2414 
1463 
-2679 
1240 
-4753 
694 
3141 
3053 
-2512 
-1953 
3775 
3681 
1640 
-1261 
4264 
-2130 
2936 
-2755 
148 
-1016 
-1096 
-4255 
2476 
1724 
917 
2971 
1999 
-3669 
-753 
-4829 
408 
1423 
1194 
-3279 
-162 
3153 
3199 
2596 
-2359 
3857 
2435 
-2049 
2887 
-863 
-4315 
-2276 
-3857 
-4166 
-1558 
-2599 
2592 
3653 
-324 
4501 
4899 
-4529 
-733 
-1851 
3152 
3103 
1731 
1949 
897 
641 
-4384 
-988 
-179 
1694 
4609 
-3089 
3792 
-4418 
-2760 
-1253 
-4754 
5019 
4191 
1563 
-504 
4759 
2776 
-3009 
5012 
-2972 
3529 
2085 
11 
-1339 
1866 
-3400 
2873 
-1292 
-1254 
2269 
4377 
-3018 
371 
-2743 
3668 
2914 
2817 
-431 
4276 
1700 
2604 
772 
-1853 
-3201 
389 
776 
-3064 
-1034 
1011 
-4276 
2072 
-1927 
1156 
-68 
-4567 
-183 
2226 
-4347 
1575 
-2937 
2392 
3650 
-4152 
-3193 
1440 
-609 
-416 
-4009 
1739 
2500 
1002 
786 
4602 
-471 
-457 
-4866 
1293 
-1060 
3905 
525 
-453 
3186 
953 
-4402 
1751 
-2841 
4215 
4851 
-1871 
-3924 
946 
-2840 
-2903 
3247 
-1257 
2080 
-2330 
-526 
-4685 
-1498 
-2879 
-4963 
4936 
-3250 
4028 
4552 
-2889 
1081 
1545 
-3206 
1745 
4605 
-425 
-2074 
4692 
1403 
-2245 
-4881 
2934 
4527 
2107 
-4045 
3631 
3097 
-1070 
906 
1665 
2196 
-47 
4248 
-1895 
2618 
-3219 
2209 
1762 
-3719 
1776 
-2873 
4690 
1903 
-1588 
-4589 
4923 
-3605 
1060 
-3736 
3051 
4402 
-1404 
4702 
-1224 
-1392 
4993 
2815 
-2803 
-2782 
-979 
2493 
4085 
-2517 
-1640 
4536 
-2383 
-213 
2658 
4478 
-3540 
-1651 
1708 
1619 
160 
-2862 
-900 
-2563 
4325 
-1933 
-3563 
-1114 
-3823 
-818 
-928 
-3723 
-3167 
518 
3793 
-4216 
2127 
3537 
5007 
-2759 
-1454 
368 
288 
4207 
1593 
-1830 
-2549 
-1541 
-2553 
-1374 
-4942 
4825 
-2922 
413 
2179 
-572 
3340 
4485 
2345 
-3467 
1420 
2123 
4741 
2400 
-4539 
-2228 
965 
-4135 
-4643 
4307 
-1327 
-1309 
1187 
-1259 
4199 
-57 
-3463 
3445 
3480 
3061 
-4328 
3618 
1218 
-3609 
-351 
3973 
-4193 
4778 
3477 
2243 
-1805 
4840 
1118 
4396 
1602 
-4971 
-2058 
1911 
2962 
2145 
820 
-1822 
3645 
1059 
-2007 
1220 
-438 
177 
2530 
-4369 
-861 
2028 
-2784 
2408 
3619 
-1220 
-2016 
-39 
1768 
-963 
3903 
-3602 
-2282 
-3120 
2645 
3415 
2280 
2260 
3959 
-683 
614 
4792 
2769 
-1962 
-4993 
1414 
-2189 
3026 
4168 
-2220 
-364 
-4929 
3507 
585 
4142 
2965 
1134 
-2856 
-3027 
218 
2628 
4176 
4444 
-4223 
-2547 
-4107 
-3107 
3363 
-1876 
-845 
1088 
-4434 
-3925 
2031 
5027 
4649 
428 
4026 
-252 
-4845 
-641 
-2482 
2090 
4088 
3847 
-3274 
658 
926 
-4208 
2156 
-3366 
-1154 
230 
-2491 
49 
-1245 
2275 
-4752 
-737 
-4890 
4844 
-1824 
2314 
-2675 
-45 
-2077 
4881 
-2474 
815 
-2538 
1069 
-2069 
4324 
4437 
-4873 
-2878 
-4230 
-2511 
2279 
-2649 
422 
1144 
3 
-4542 
-76 
-1919 
-2953 
1592 
-801 
-2366 
-3247 
-1277 
-4478 
-4480 
-2155 
760 
1411 
4735 
66 
-1358 
1048 
4336 
2733 
-2813 
4902 
3500 
-4295 
1822 
97 
-357 
1667 
2232 
-4558 
4723 
-4496 
-1046 
2537 
-314 
4063 
735 
2647 
4873 
-2894 
-3792 
-3213 
-598 
-521 
-2920 
-1563 
2753 
-373 
2113 
-3104 
-2907 
-1064 
-3566 
1855 
1201 
-2341 
-2415 
-4815 
-1084 
4386 
-1940 
-3933 
4877 
-4911 
2833 
1867 
-983 
2866 
139 
767 
-120 
-4571 
-2497 
-3574 
-1839 
4515 
-3492 
-2785 
-1142 
-3096 
-4355 
130 
1152 
1351 
4960 
3552 
-1772 
4922 
-3207 
1269 
3299 
-2452 
2144 
-708 
-4085 
2138 
639 
1753 
2898 
4012 
3999 
-2718 
4625 
-2995 
2203 
-3363 
4161 
-1979 
1392 
221 
-557 
-1331 
-2144 
1289 
-1632 
-4249 
3039 
3276 
-1646 
-4562 
4747 
-3583 
925 
2189 
2680 
4589 
-3241 
2252 
-3176 
353 
-3759 
-590 
-1517 
-3818 
4977 
-1757 
-1533 
3389 
2376 
2221 
-4464 
-619 
1784 
2303 
4732 
3284 
3440 
-4444 
1536 
-2978 
-3401 
1744 
3998 
-2604 
-4580 
3074 
-859 
-61 
-1473 
1378 
4931 
-3178 
-392 
-4537 
-4191 
655 
1585 
1851 
-3890 
2214 
-3355 
3939 
2661 
1287 
4661 
2052 
2954 
4888 
745 
2609 
4353 
-2199 
4768 
-1407 
1937 
-933 
1687 
4895 
-1058 
-746 
-955 
-4660 
3911 
2723 
3872 
-1841 
4561 
1660 
2240 
-2118 
-3973 
4766 
3981 
470 
238 
3139 
-2201 
2388 
3342 
-711 
2739 
3383 
-3125 
1112 
4428 
4714 
-1007 
-3790 
4641 
-4190 
-2701 
-4441 
3522 
2633 
3390 
3007 
2956 
4558 
-4397 
3566 
-538 
-1239 
255 
4196 
-649 
-1501 
4225 
3864 
-4802 
-4714 
-451 
-3433 
-3032 
-2615 
-2806 
-1022 
2872 
-1369 
-1489 
2947 
-632 
-1463 
3206 
-2030 
-4549 
4984 
-34 
-2209 
-96 
-1998 
-1408 
1320 
-1105 
731 
-4360 
-3172 
1317 
-1189 
-82 
-2319 
528 
-1918 
-262 
-1599 
247 
1190 
-2770 
4157 
-3864 
-1017 
-3982 
-1985 
-282 
-579 
-1967 
2509 
3292 
-3414 
922 
207 
3228 
4350 
-1323 
3232 
361 
-1197 
-2299 
-103 
-253 
3081 
-1440 
-3478 
932 
279 
1333 
4114 
-2875 
303 
-1448 
1267 
793 
-4734 
216 
2424 
4319 
-1778 
-1472 
1970 
-2175 
-581 
-269 
-1532 
4281 
2777 
707 
-1269 
-279 
-3617 
-1907 
-77 
-3195 
3489 
-3554 
-126 
1875 
1077 
1521 
2030 
-626 
2504 
-3075 
-1037 
-4379 
2018 
1897 
-4126 
-1202 
-2237 
-1865 
3294 
104 
183 
-3398 
374 
4315 
-1973 
-3842 
-760 
-2680 
2426 
-3799 
563 
711 
-2530 
1142 
1956 
-3381 
5042 
3261 
3919 
-4032 
-1567 
-1575 
-4876 
-4612 
-4865 
-342 
27 
-2288 
-1906 
1854 
-2108 
1807 
-3186 
-2762 
-1618 
4267 
1095 
1179 
-3020 
5072 
-657 
-3931 
3783 
308 
-4775 
2853 
1778 
4050 
2373 
-2017 
3162 
3126 
3030 
-2912 
-4453 
3934 
734 
-2109 
-2032 
3796 
4076 
-4828 
-230 
4953 
972 
4853 
-3030 
-3867 
-4174 
1250 
-1730 
-3696 
3001 
5024 
-920 
3513 
-4000 
2725 
-2827 
3797 
-201 
941 
4862 
-864 
224 
4103 
4361 
-1759 
844 
4570 
3601 
3719 
-3894 
3627 
-4096 
519 
-1862 
-3304 
1961 
-1199 
1888 
-786 
-2375 
3728 
2810 
3616 
2481 
-4023 
2180 
4907 
1628 
-1831 
2994 
3309 
4545 
2644 
-1176 
-2772 
697 
-2969 
-827 
1167 
-2847 
1941 
4728 
-7 
2415 
-2635 
-1141 
-1686 
-4603 
4421 
-145 
479 
3161 
2370 
2893 
-2312 
-16 
1377 
-972 
4184 
-3972 
-3993 
-1508 
-4506 
3433 
-3225 
-3072 
2163 
4290 
-1754 
1184 
59 
-3001 
883 
4456 
2515 
3610 
4603 
-2275 
-941 
841 
-1885 
2857 
1245 
-1279 
605 
4284 
2570 
-3114 
-2468 
-3447 
-3658 
3374 
2927 
-1991 
263 
3990 
-3507 
2414 
-135 
4166 
3469 
-487 
994 
-3959 
621 
599 
-1537 
-2290 
2274 
4773 
3587 
-2960 
312 
4868 
4018 
-1048 
4524 
-571 
2065 
-1436 
3660 
4108 
730 
4138 
-1417 
79 
-1608 
3220 
3347 
-3848 
3810 
-2222 
-3546 
3398 
-1222 
-4672 
-4739 
1207 
-2957 
3326 
3120 
173 
3690 
1797 
1562 
3881 
-4956 
2044 
-2986 
-2583 
25 
-2127 
3332 
-4421 
-1764 
2627 
-4798 
2149 
2534 
-4070 
548 
-200 
2689 
-1663 
-3014 
-2925 
4476 
4473 
456 
2462 
1337 
1251 
2923 
5035 
-211 
4593 
4707 
-3584 
-1109 
-3189 
-2305 
831 
-3631 
2888 
3406 
-3739 
535 
2674 
-2143 
2094 
-3422 
974 
-4262 
5017 
4122 
3936 
-3644 
-1163 
-3907 
1571 
2223 
-3636 
-691 
5083 
2987 
4611 
-4638 
2744 
-3863 
-3190 
4067 
-3634 
-2035 
-3337 
-3295 
-1590 
1584 
-1167 
2117 
3177 
2720 
-4488 
-1702 
4340 
36 
1793 
-465 
3816 
-1827 
-1794 
-4127 
-4306 
-4863 
-1062 
-2259 
-2641 
1754 
-1494 
2666 
4131 
-3781 
1978 
-1629 
1019 
-4986 
-913 
-3740 
867 
-2733 
-671 
3015 
-4146 
-4345 
-2659 
764 
3037 
4489 
4916 
-1550 
4997 
-835 
1508 
1302 
-2794 
802 
708 
-1337 
852 
-950 
-2821 
-4058 
2864 
5020 
-795 
1529 
-1682 
4837 
122 
-3928 
4288 
-3826 
581 
-3439 
2524 
-1148 
3124 
2974 
1982 
2021 
1676 
1998 
-2065 
158 
-4710 
1326 
-4750 
-2607 
-1814 
-3341 
-3359 
-166 
2586 
-4573 
-2428 
-1397 
-1842 
-4197 
2762 
2940 
1850 
-173 
3365 
-4093 
-1008 
-3599 
4920 
-2508 
3867 
4058 
-3750 
-3335 
2676 
-722 
-2754 
-2867 
488 
-4413 
-2040 
4866 
-700 
431 
-2252 
-277 
-530 
504 
-850 
3312 
2990 
1916 
-3509 
4237 
-1694 
1924 
-4436 
-3153 
-3704 
-4527 
1546 
1653 
-286 
2796 
-4332 
-3214 
664 
-3329 
-4149 
-4377 
-2092 
2317 
-3484 
4596 
541 
-1803 
1314 
-1132 
2455 
4194 
778 
-3286 
3770 
189 
-3383 
-3880 
116 
572 
2332 
-4629 
200 
4838 
-3678 
5049 
-1872 
-3338 
-4688 
-4395 
-2355 
647 
2637 
-2706 
3697 
1468 
4232 
-480 
4740 
-1628 
-2568 
-247 
-3388 
-2757 
-3541 
2339 
1407 
-4388 
3487 
-2405 
4219 
-2225 
4662 
-192 
-3748 
-4681 
-4169 
-1775 
-3049 
-3347 
-3726 
2737 
-2833 
-4050 
3824 
5016 
-190 
4347 
-623 
506 
-3373 
-3033 
3307 
669 
3357 
-3523 
1360 
4238 
4696 
2820 
1301 
-3596 
3327 
-3902 
-676 
-202 
-2146 
-2020 
-3861 
-4903 
1520 
-3162 
2205 
1993 
2310 
-2909 
-714 
2548 
-1607 
532 
1837 
3988 
-3327 
3889 
4412 
-3878 
-4926 
3194 
-3587 
4332 
-4695 
4809 
4450 
-1315 
4460 
1859 
-402 
-2623 
2382 
-2460 
1501 
1929 
