4000
-5647 
-2338 
5136 
1309 
-5500 
3479 
-360 
7530 
-3048 
-1866 
-6367 
883 
-3350 
6163 
8312 
-6182 
-3760 
7451 
1412 
2947 
-9386 
2980 
6008 
-6623 
5307 
-1197 
-8742 
6959 
3779 
-9021 
6452 
-8171 
-4819 
1209 
81 
-8280 
-2529 
2321 
9475 
-87 
5318 
7272 
6383 
864 
-3439 
-6682 
9078 
-1146 
-9906 
-2833 
4654 
-6359 
6696 
-1232 
-2618 
-1714 
8134 
-6879 
746 
6811 
-7986 
249 
4017 
9208 
6827 
5516 
5149 
-374 
-5651 
-1556 
6374 
630 
-4517 
-8826 
-5110 
-9767 
3644 
3211 
-7278 
9519 
-2012 
5521 
4893 
-6331 
1483 
-6092 
7749 
-5765 
-9264 
-2734 
-8159 
-775 
-7506 
-6051 
-7247 
-899 
-8670 
-3565 
-5017 
-2714 
-359 
1792 
-819 
-3422 
-1120 
-3574 
-3263 
3892 
-7201 
-8138 
8621 
1764 
4625 
-6245 
-4974 
-4229 
1265 
3465 
-4427 
221 
-4647 
-8091 
1934 
-7260 
4167 
9028 
-596 
9503 
-1295 
114 
9697 
-1425 
-9442 
4293 
-74 
-4539 
-6525 
-8851 
-6097 
3508 
7907 
-1406 
2019 
-3683 
-752 
-8366 
-8988 
-2498 
-9044 
9599 
-4570 
7787 
6115 
7762 
-7285 
7638 
-3965 
6789 
-4373 
-9094 
-1667 
6428 
-2567 
-2151 
4461 
3831 
2952 
-4557 
-2656 
5255 
-7382 
558 
-1143 
2552 
-2651 
-626 
1382 
1235 
-1904 
-9087 
3471 
-4172 
-2832 
1 
4153 
6323 
-5255 
-5965 
-5200 
-7220 
6812 
-9671 
9035 
1953 
-4346 
4969 
8142 
1847 
4671 
2793 
2565 
210 
759 
8018 
1018 
5832 
3470 
9798 
1758 
-9481 
-4079 
-8084 
8556 
3620 
-5178 
4591 
1185 
6828 
5450 
9167 
-6601 
1974 
-1853 
-2201 
9536 
4644 
-9248 
-495 
769 
-4271 
-9345 
-1950 
-886 
-165 
-5992 
-2085 
-7056 
-243 
-8816 
8305 
-9972 
7709 
9359 
-4679 
3994 
5281 
-678 
-5205 
6647 
-6687 
347 
-6673 
-3476 
-8716 
8438 
9423 
-7939 
-2314 
8573 
-7248 
7112 
6119 
3173 
5744 
-10000 
6464 
818 
4268 
-8114 
2910 
-3674 
-2502 
-3770 
-5548 
-3024 
7700 
-6350 
4001 
5290 
-4016 
-1630 
-8438 
-6175 
788 
269 
-9762 
1164 
7131 
-4503 
9665 
6079 
4667 
8148 
-7790 
-5761 
-5792 
-8765 
6198 
-8320 
-4685 
-7349 
2350 
4767 
3533 
909 
-7165 
-5477 
-3301 
-8511 
564 
1782 
8533 
7661 
7619 
-5935 
-330 
-4845 
6070 
-1382 
-6906 
8374 
5528 
-7143 
3735 
3986 
-4219 
-4866 
-6862 
3274 
9764 
4333 
4666 
4605 
-5269 
8736 
855 
-3123 
-8535 
-9375 
-9605 
-4710 
3156 
6149 
920 
-5587 
5082 
8390 
2688 
-313 
3753 
-8480 
-6077 
-567 
-101 
3839 
-8981 
-704 
-1378 
-8543 
-837 
-8129 
7783 
2907 
9181 
8914 
8354 
-2184 
-9556 
9103 
-4724 
2983 
6480 
5400 
6497 
9169 
6288 
-2169 
-4104 
730 
-398 
7280 
6392 
3634 
-5852 
6015 
7805 
-9338 
7659 
1986 
613 
-1092 
-2284 
-4969 
6948 
8774 
8785 
8269 
-9288 
-1356 
-5593 
1084 
9641 
556 
5155 
3446 
-9456 
2198 
-9126 
-9831 
-9430 
-1638 
2125 
-9537 
8005 
-6536 
5936 
2345 
4022 
8042 
4355 
-5044 
6519 
3153 
7336 
3541 
699 
4557 
-9323 
4913 
9616 
8941 
-3567 
-6665 
-6580 
2930 
-6615 
2646 
445 
-5826 
-7409 
2611 
7982 
-9916 
-5124 
-1658 
3196 
-207 
1603 
-4047 
-3084 
-6397 
-6768 
6254 
-8774 
8010 
-9712 
4983 
3580 
-2477 
-9898 
2127 
4194 
-7718 
396 
1107 
3296 
660 
3699 
-3896 
3820 
4471 
8943 
7890 
-9682 
2535 
4854 
-6514 
129 
-7893 
4729 
6351 
9394 
2588 
-3456 
8636 
-4116 
8300 
-5581 
813 
-8738 
-1937 
5728 
9296 
6548 
-1115 
9100 
-7665 
-8703 
-1368 
-7698 
1038 
-1263 
5329 
-5466 
3459 
-3557 
-9976 
7590 
2614 
-536 
2219 
9645 
3310 
6075 
2180 
-8896 
-6401 
8092 
-4831 
4757 
-6271 
9440 
-7589 
7559 
5603 
-8134 
-8579 
-7625 
8948 
51 
661 
5841 
2941 
-8990 
-5706 
5234 
-718 
-1354 
7507 
-1033 
-829 
-9169 
2090 
8617 
1518 
-512 
-6060 
-6715 
305 
-9376 
3974 
-7736 
5791 
-306 
-8204 
3701 
-3506 
-4499 
-3320 
-3982 
5581 
4227 
-5324 
-6100 
-2740 
-6784 
-9721 
-1199 
-4565 
-1841 
-1726 
6106 
4349 
-4183 
-2456 
8890 
6715 
6307 
-7980 
4871 
-6168 
6561 
4999 
3311 
-1944 
-4746 
2668 
3690 
5031 
-7437 
3944 
2811 
-9055 
8949 
7852 
9512 
-9851 
-8336 
-7535 
9657 
8368 
-5675 
7059 
-8248 
-5842 
1854 
1699 
-6959 
-1303 
5342 
-734 
-2226 
8701 
-6194 
-7541 
256 
-4128 
4940 
-4151 
-2607 
-3077 
3865 
-7419 
7806 
-1588 
-8790 
6512 
8247 
-9922 
6083 
-8188 
3972 
-7601 
-4509 
4235 
840 
6164 
4751 
-2820 
-2504 
-1872 
2004 
9471 
-5469 
-3006 
-9243 
3120 
-8179 
-4674 
-5612 
-3505 
-7565 
5330 
6280 
-4194 
450 
7085 
-2432 
7583 
-5923 
2633 
-5331 
8304 
-403 
7732 
-9100 
5820 
530 
-4621 
3906 
3192 
1791 
543 
1008 
3207 
-9963 
1416 
-9384 
-572 
-80 
-7338 
-6012 
2853 
9390 
-5225 
-2287 
9424 
3962 
-304 
-3170 
-5026 
-4520 
3659 
-3374 
-5063 
-5171 
2728 
-9789 
1593 
2765 
-6151 
-7341 
3514 
-8685 
356 
-7811 
357 
-6436 
-6672 
6525 
7035 
4431 
8637 
5378 
-3983 
4436 
8384 
-1129 
4217 
-3634 
-2720 
-186 
-375 
-6029 
5676 
1138 
-5596 
9687 
-1751 
-8096 
-1152 
3592 
-9622 
-8872 
-7686 
7911 
9186 
7770 
-4392 
-5479 
6911 
-1205 
9119 
-4486 
-331 
4143 
8217 
8548 
-8474 
-3345 
-1599 
479 
-3689 
3668 
-4928 
-2965 
6973 
4964 
9091 
7356 
8777 
-2587 
6456 
-7901 
-8212 
-7515 
4095 
283 
7431 
5604 
-4279 
2936 
7120 
-5391 
5100 
-6227 
-2166 
-3869 
-6111 
9613 
-5660 
-575 
-1812 
-6997 
507 
9283 
-3549 
1297 
-3058 
688 
-4174 
3849 
-7354 
-1694 
-503 
3918 
-5370 
-8010 
3963 
9315 
-4260 
3682 
-3246 
8100 
-3782 
-4549 
-2510 
-8729 
4101 
2286 
9409 
8140 
1630 
5505 
6309 
5921 
-1096 
-7172 
8173 
-3468 
1948 
-3069 
514 
7072 
-5071 
7371 
-7250 
-9621 
-7549 
-1656 
-3142 
-2610 
9647 
717 
4481 
-7394 
-6957 
-1546 
712 
8008 
-3999 
-9194 
8846 
-2887 
-7286 
5052 
8681 
-1171 
9215 
-1011 
-4293 
-278 
-8941 
-5445 
743 
4146 
-2125 
1516 
905 
8022 
-9798 
-1640 
-8679 
581 
7962 
5649 
56 
7148 
9374 
9054 
7620 
-3739 
4252 
3628 
-1458 
7680 
6775 
-2874 
5291 
-8714 
-9968 
-8908 
-751 
1149 
6488 
-1063 
-4865 
-4639 
-9945 
-271 
-6402 
7440 
-4632 
-9811 
4395 
-3177 
3941 
6753 
-8046 
-5583 
5570 
-3279 
-9563 
4604 
6257 
-6625 
4428 
-1184 
-2813 
2051 
-8955 
9348 
-6352 
3101 
-8912 
-6095 
-350 
-2876 
-6988 
7267 
-8017 
-4266 
-7995 
3938 
-3535 
3455 
-4477 
1615 
-5753 
3568 
4328 
-7580 
-4851 
-7388 
-6863 
2960 
-3675 
5693 
-2944 
-5770 
-3904 
7419 
335 
8704 
8044 
8489 
-5616 
3596 
9577 
6674 
-3563 
6567 
-851 
-1002 
-125 
-5711 
-1158 
8361 
-7923 
6868 
-9449 
1522 
-5304 
6877 
-7086 
5353 
5194 
5770 
-4112 
-2824 
5212 
9640 
1133 
-1397 
6689 
-1325 
9808 
-7740 
-4931 
8229 
-997 
-2268 
6322 
-8578 
-2235 
7208 
-8551 
-10 
8347 
8389 
2773 
-1415 
8242 
-4975 
6214 
1289 
5616 
3715 
805 
8818 
-3065 
5696 
1816 
-2065 
827 
-9373 
-5137 
5947 
-909 
4529 
2273 
3358 
-5325 
7095 
9367 
2991 
5469 
-214 
-2811 
-6305 
-9669 
5297 
-799 
1307 
-982 
-5595 
-8026 
4066 
-2044 
4819 
-204 
1275 
3071 
4995 
6729 
6359 
-4925 
-1825 
-358 
-7128 
-2767 
-226 
-4514 
1810 
-4572 
-5723 
-9897 
877 
-7701 
107 
9528 
-9081 
-8884 
-9495 
9573 
-212 
4225 
1130 
4362 
-8856 
-1743 
1271 
1673 
-7380 
2248 
7377 
2693 
-5308 
9720 
-1179 
-6132 
-3475 
-2143 
8727 
6797 
-1343 
-9357 
-6323 
3442 
9487 
-3012 
4282 
2791 
-7267 
5314 
-6642 
4867 
-2715 
-2640 
-4424 
3900 
-7060 
8613 
-5184 
-1704 
-4239 
5761 
7832 
956 
9313 
-9009 
-5895 
-5430 
9065 
4539 
3751 
-2252 
-6422 
5965 
-2528 
-7366 
-921 
6243 
-634 
-2356 
7268 
-9407 
1257 
2555 
8445 
-3746 
7517 
2054 
278 
-5206 
-5578 
-5400 
-2557 
-4842 
-4210 
1863 
-592 
-446 
-2030 
1931 
-4403 
412 
-5456 
1033 
-6640 
1611 
8644 
90 
-3524 
2712 
1932 
-7376 
-9028 
-5668 
-5129 
-3669 
-4439 
-2398 
7300 
-111 
-8261 
9092 
7170 
-9217 
-7945 
-3312 
2863 
9488 
-1958 
-1517 
-7777 
849 
8832 
-4585 
1035 
1108 
8528 
2331 
7457 
-1817 
-7159 
-9756 
-6183 
-2352 
-5046 
-5221 
-5180 
7328 
8660 
1448 
8124 
-9408 
6316 
-1602 
-8656 
-8312 
6589 
4962 
-6814 
1672 
-9031 
7260 
139 
-5603 
-5150 
-4527 
5546 
7258 
-8382 
-6724 
9610 
462 
7342 
2047 
5775 
-3066 
523 
-8603 
5344 
1617 
-4579 
3489 
5417 
-7015 
-3816 
1329 
9069 
5752 
-4124 
1915 
2653 
8523 
5476 
-6391 
-8996 
-6123 
4136 
-860 
-3518 
6940 
-1210 
1114 
-9822 
8497 
8376 
9430 
755 
7487 
-8724 
7816 
1776 
6469 
4597 
-1810 
-3803 
-8810 
2382 
9496 
-43 
-8640 
8913 
2597 
-9758 
968 
24 
3333 
6001 
-3445 
-4953 
-1823 
3756 
-1890 
-9956 
-3230 
-3104 
2531 
8500 
-4645 
-7918 
-2 
-2631 
9178 
7550 
4353 
-6141 
6976 
-4811 
-3287 
-1055 
3266 
3526 
-1758 
-721 
8171 
-1604 
-5811 
4982 
-6135 
5824 
5934 
3952 
4478 
-7631 
-1493 
9592 
-6657 
1473 
4700 
-9463 
-7332 
-9189 
-4145 
5277 
951 
8478 
-9915 
-3897 
-8481 
387 
1599 
2921 
-6698 
-4633 
599 
-9781 
-9744 
8872 
-781 
153 
-3849 
-4767 
-3933 
3111 
5043 
5707 
-5309 
9227 
3770 
940 
-8391 
-1392 
-1579 
-5807 
5487 
-1733 
-529 
-5146 
2817 
3549 
-8421 
-5815 
7237 
-7180 
1610 
-8451 
-1008 
-6647 
-9417 
270 
6972 
2107 
-9943 
6268 
7290 
-500 
8355 
-2302 
-9936 
1643 
8117 
7769 
-4826 
7076 
-5415 
-974 
6906 
-9381 
6855 
-4962 
1424 
-9115 
2490 
1486 
-6773 
-4701 
-3034 
-3207 
4976 
-6115 
7176 
6896 
8001 
5414 
-9123 
-6648 
-429 
1212 
1507 
2213 
-8400 
-3275 
-9258 
4376 
6292 
-6843 
4030 
9239 
1054 
6253 
5221 
-1798 
3176 
4548 
-6689 
-8953 
-5540 
-7410 
-2068 
1456 
8078 
1715 
2864 
-7656 
9355 
1691 
-6810 
9561 
-9705 
6246 
-693 
-7441 
-4567 
-1886 
-785 
3813 
985 
7353 
-6473 
-6212 
9795 
8493 
7013 
-1442 
7364 
121 
-7449 
-2307 
9585 
-3361 
3185 
-4446 
1523 
-1961 
4102 
5139 
6271 
4120 
-4144 
1391 
9232 
4368 
-2192 
7429 
1858 
-7626 
-1139 
-5147 
2324 
1317 
-4322 
6132 
3315 
5109 
-5157 
-7952 
33 
3119 
-9330 
265 
-9944 
5060 
18 
-7875 
-2006 
2804 
-3382 
-2368 
6093 
8405 
1136 
-5107 
-1828 
6191 
-7367 
4643 
8581 
-4607 
-547 
9751 
9578 
-1277 
-9612 
2862 
7024 
8204 
-3830 
-6201 
-6465 
5797 
6154 
8471 
1579 
6319 
2454 
2846 
1741 
8882 
1577 
3406 
-9140 
-807 
7953 
-605 
4860 
-7033 
-6919 
-2672 
5828 
-3654 
-8888 
-9354 
-538 
5812 
-4667 
-9613 
4850 
8479 
6721 
3294 
6364 
-4091 
-9809 
-8747 
1405 
188 
417 
-8493 
3969 
-1784 
2412 
-7490 
-7498 
-8631 
-628 
2676 
8791 
-1530 
9172 
-4307 
-4887 
-6538 
-6453 
-3523 
4630 
-5677 
4142 
7032 
-3911 
1812 
-9454 
2151 
3863 
-2571 
4782 
-1709 
-6050 
-3255 
-295 
-4918 
-8875 
6230 
7579 
-6746 
-1992 
6656 
-3632 
6353 
-7810 
4739 
-8071 
1668 
6630 
6380 
-878 
6448 
1705 
-3359 
8457 
298 
4570 
-1430 
8411 
6964 
-839 
481 
7071 
-7685 
-3941 
-9624 
-5072 
-4253 
6714 
5268 
6173 
-7921 
-8112 
3000 
2777 
-2793 
-2566 
7800 
471 
-2663 
6912 
-7955 
-4533 
3784 
-3798 
5578 
-6936 
9201 
4762 
5622 
-980 
4688 
7736 
-3894 
-3591 
-5505 
4810 
1943 
-4660 
-6887 
6735 
-2374 
-3402 
8743 
6980 
-5424 
-7241 
6184 
-8507 
4921 
-3862 
2718 
4613 
-4396 
-8348 
1994 
-6723 
8812 
-2545 
1928 
-3924 
-939 
-5338 
1270 
-9988 
2448 
-8632 
8815 
8689 
1207 
-2974 
122 
-8487 
-7730 
-25 
-1419 
-4441 
-4309 
5853 
4453 
-1467 
-6258 
9198 
6619 
7493 
6627 
2499 
-8305 
8369 
6611 
2666 
1536 
758 
-2004 
5481 
-6727 
-7155 
-3150 
-1878 
3394 
-6818 
-9422 
429 
2741 
-1836 
-5690 
-7313 
-2585 
9759 
8696 
-3486 
4085 
2340 
1141 
-321 
7198 
8687 
-455 
-3430 
5896 
-9213 
748 
5299 
-2412 
8981 
-7990 
9673 
-3648 
-5787 
8911 
-9469 
-7524 
903 
5840 
781 
-6762 
3352 
4319 
8827 
-1315 
5235 
-965 
-5380 
-9003 
5972 
105 
-3405 
9041 
-2403 
-5085 
-5055 
-6523 
3968 
-4872 
1437 
2029 
639 
9654 
443 
2280 
580 
4717 
-9661 
7294 
2986 
-3950 
-3859 
-2960 
2475 
-9220 
-8356 
-1427 
-6299 
6009 
-3823 
-4468 
-691 
-6937 
-4198 
7812 
-5547 
-1090 
-9152 
-3576 
-2895 
5497 
-5249 
-6489 
3903 
-6618 
2754 
3491 
8650 
7524 
-8712 
-7226 
-8121 
8431 
-8821 
-2644 
4491 
984 
-6755 
-5035 
2037 
-9002 
-8833 
2474 
8806 
-197 
3627 
6926 
1584 
9678 
-9512 
6086 
-9947 
-6797 
6225 
3912 
1638 
8880 
-638 
2194 
-8620 
5899 
-1365 
-7301 
-9306 
-7526 
-4803 
-7728 
-4017 
342 
-3295 
8718 
-581 
-517 
7477 
-3369 
-4163 
2822 
590 
8706 
4679 
6 
4674 
1332 
6823 
3497 
1823 
-1951 
-8125 
655 
-7187 
2579 
-7411 
-48 
7122 
6337 
-8063 
2969 
-3793 
2749 
1497 
8611 
5857 
-7650 
-9402 
711 
-233 
-9817 
-9076 
-9335 
4514 
6780 
5223 
-79 
-395 
4467 
3024 
-6468 
-3005 
1397 
-4944 
1480 
-2422 
-6184 
9699 
4787 
3587 
7447 
2998 
-6075 
8845 
-5982 
-7770 
-1310 
-3183 
6744 
-2408 
-8123 
723 
5490 
-7803 
-7119 
-5288 
6935 
-6037 
-1489 
-6576 
-661 
6805 
4505 
6660 
8678 
-7696 
2873 
-5862 
-5047 
3724 
6506 
-6874 
3787 
-4190 
9030 
-4443 
871 
-6034 
2311 
7466 
184 
-1227 
1970 
8335 
-3629 
-1010 
-8102 
-3614 
-9873 
-119 
-4192 
6817 
-3715 
-5943 
8799 
-5736 
-6789 
5944 
6100 
198 
9049 
4273 
6618 
-8662 
98 
6063 
-5623 
5587 
-6707 
9291 
-2486 
9398 
-7009 
5619 
1621 
8225 
6401 
-2373 
-8195 
-9679 
-649 
1194 
3231 
-3825 
2024 
2589 
-8060 
-8801 
-2728 
-6775 
7576 
-2133 
-6375 
5935 
4415 
-2478 
-4694 
-8151 
1216 
-9886 
7090 
-4908 
-3886 
-9523 
-192 
-454 
-1107 
-148 
-6146 
-7785 
-7628 
8417 
8256 
8273 
-553 
-9022 
145 
9784 
-5504 
-5738 
-7796 
5736 
-9039 
-4781 
-2665 
6434 
4832 
1328 
7626 
3982 
2294 
5755 
2374 
-3735 
4059 
-4729 
-9059 
-7135 
-614 
-6263 
8656 
2441 
3640 
-347 
8749 
6223 
-3787 
7243 
8937 
680 
-8521 
-5512 
4200 
-8255 
-6066 
-2873 
-633 
-6835 
6145 
5246 
2808 
-6085 
8504 
6259 
525 
5918 
-4204 
-4102 
3298 
-8328 
1996 
-5859 
236 
8929 
-422 
-1740 
2997 
-5574 
-2001 
-786 
-8008 
932 
-6912 
-2910 
-3709 
-7476 
3886 
-1567 
-3855 
5141 
3600 
-1257 
14 
-6269 
5981 
2131 
-2775 
-1105 
-7612 
-7207 
9574 
7879 
1659 
-8608 
-5946 
-5012 
-8595 
3373 
-5003 
4316 
-8556 
-635 
4348 
2885 
-8751 
7285 
2390 
-930 
-8002 
7883 
2912 
-9878 
4127 
3822 
-5441 
3329 
9796 
-4704 
2214 
-8526 
9209 
-2261 
5669 
-5716 
4923 
2571 
7017 
-9296 
-4357 
9615 
-8051 
-2241 
-7287 
6898 
-5098 
-9503 
-6430 
-2780 
-1073 
-5092 
1394 
-670 
4183 
8923 
2116 
-5332 
-7850 
-52 
-7448 
-1710 
-7608 
8669 
1281 
3672 
-7007 
1550 
7819 
-7724 
8591 
2036 
-1858 
8292 
-438 
-5127 
-7819 
961 
5163 
8963 
-4045 
-2626 
3346 
6890 
2231 
2195 
-2248 
-7867 
-8109 
9544 
1004 
1733 
6708 
4889 
-6595 
3739 
1398 
337 
-5422 
6125 
-6295 
-290 
-623 
2155 
-9133 
-1351 
6851 
-3197 
7863 
4248 
2970 
3230 
-9321 
-743 
5439 
-2472 
9792 
-2330 
9814 
-3038 
-1612 
-1498 
9257 
-143 
9376 
-3465 
-3086 
9059 
-3099 
7543 
3401 
-1821 
-1793 
6004 
7345 
4089 
6557 
-9158 
-6942 
2162 
-3212 
-3298 
766 
7495 
9242 
577 
2080 
7669 
-9285 
-4315 
6997 
-699 
-4344 
-4299 
-3705 
-668 
6724 
644 
-2323 
2234 
-587 
-2977 
-4737 
4567 
-4745 
1884 
4518 
8066 
-4137 
-8316 
3134 
-9122 
7963 
-4480 
-1576 
-1775 
6534 
-3304 
-7715 
-6460 
-3583 
5872 
3412 
6147 
-4416 
4209 
1526 
4175 
7871 
9332 
3032 
3041 
2065 
4857 
6052 
-9716 
5608 
3562 
-5973 
7895 
3067 
-7398 
-3612 
6314 
-6506 
1831 
-7858 
-2052 
1048 
-8154 
-7406 
1046 
-1701 
-9023 
8462 
5203 
4709 
6951 
-5303 
-9349 
-7752 
1527 
-9276 
-2922 
65 
-5193 
3205 
9324 
-3729 
6650 
-2883 
7781 
-8966 
592 
1836 
-3002 
1176 
-7363 
-4039 
-3991 
-728 
6542 
8047 
-496 
3871 
-7861 
-9433 
2283 
-1551 
-8374 
1157 
2275 
4198 
9278 
-6206 
5187 
-7940 
9806 
-9029 
2527 
-2598 
8195 
5636 
-4275 
6920 
-4896 
-7639 
-4879 
-3765 
3437 
-696 
-9053 
-6498 
7944 
6059 
-5463 
-3693 
-9867 
-6896 
-869 
-2804 
8343 
9086 
5159 
-1924 
-283 
-2104 
3376 
-8838 
7604 
-8589 
4648 
8061 
8935 
-6731 
7277 
5890 
4223 
3416 
1576 
-7048 
-3 
4532 
4111 
-5426 
87 
-4837 
-6041 
3961 
-9654 
-4543 
5733 
-9863 
-1480 
8886 
-7326 
2314 
5170 
7161 
1510 
6576 
3925 
-2140 
-5057 
-4409 
1870 
7903 
3054 
1680 
-3609 
5458 
-4492 
3614 
-4611 
5681 
1074 
3855 
-67 
6417 
-2296 
-6986 
1532 
6046 
-7478 
7357 
2410 
-644 
-768 
-831 
149 
-7385 
-1953 
5926 
-9045 
39 
-9984 
1305 
-3887 
-6120 
7695 
8582 
-6626 
5846 
1431 
5135 
-5656 
-8852 
-4168 
-7422 
2508 
8333 
425 
9742 
7416 
-3734 
-5236 
2302 
9146 
-7689 
7439 
7649 
4825 
5566 
-2801 
4125 
8328 
3126 
-367 
-9521 
-8842 
-4064 
-3593 
-1976 
-3827 
-2902 
9728 
-9435 
-7246 
9813 
-1606 
-5367 
3087 
-1223 
-1226 
-6219 
548 
3368 
-3238 
-1286 
6473 
9016 
-6020 
-7024 
9725 
6543 
6786 
-6313 
3142 
4661 
1888 
-3957 
7178 
1801 
-1216 
-4727 
-3725 
9601 
-4430 
9053 
-7487 
7481 
7323 
-272 
-9592 
-5879 
-5353 
891 
-4597 
-1550 
2437 
4496 
3732 
212 
-5727 
9164 
7610 
271 
8132 
4573 
-9391 
-824 
-8466 
-7078 
-3451 
-5164 
5112 
-6254 
-4593 
992 
-3319 
-6419 
-4221 
-7989 
-4401 
539 
-9037 
2630 
5131 
4537 
-2327 
-7683 
-3544 
-1969 
-6462 
-7571 
9090 
-2159 
-3496 
-3144 
1749 
832 
-1643 
2904 
7958 
-4199 
7991 
-597 
-8118 
7303 
2481 
3399 
-9182 
-2516 
9789 
-6954 
-7252 
9124 
3869 
2638 
8931 
-412 
5363 
-9167 
-2094 
-753 
-7445 
-9397 
207 
9110 
-5407 
5654 
-5447 
5671 
2366 
3313 
-9549 
6731 
-4938 
-9235 
-8363 
-6124 
-7618 
9778 
-3753 
2932 
-1273 
-3046 
1274 
9662 
-5631 
998 
-4582 
-9305 
-6445 
-2589 
-1132 
-3958 
-2508 
175 
-5076 
-3164 
5039 
963 
3960 
2097 
-3413 
588 
3307 
5882 
9401 
-3159 
4391 
2731 
-8865 
6770 
7040 
3147 
405 
-4029 
-8498 
-5437 
-8449 
-8950 
9218 
-5264 
-1385 
7200 
4307 
-5328 
-1121 
-3915 
-9532 
7031 
5073 
-7094 
-7914 
-2418 
2893 
-22 
-8791 
1178 
6934 
4725 
1723 
-5412 
3742 
4756 
8996 
2609 
-6004 
8517 
2385 
-6039 
-3858 
5709 
-8532 
-2467 
707 
-8570 
-8031 
-384 
3210 
9252 
-8033 
-7674 
-1024 
1505 
-8517 
8575 
-4649 
3411 
9449 
3146 
8037 
-2113 
9472 
-3844 
-2953 
-8701 
-3094 
-7212 
8029 
-3460 
-1679 
-4327 
3551 
6701 
-4455 
-4598 
9145 
2702 
-6594 
-2099 
229 
-96 
5218 
-4987 
-8520 
-4060 
8447 
7756 
8458 
7599 
-9752 
8164 
2362 
-5487 
-8928 
-3484 
-7107 
5563 
1243 
-3719 
-2794 
-5614 
-3806 
1465 
938 
6021 
3447 
8988 
6846 
-7162 
3249 
-3655 
8233 
-2854 
-6000 
9431 
5124 
-1884 
-2494 
8728 
7670 
-3318 
-4763 
3335 
1797 
-7881 
-4825 
-6783 
4409 
1440 
-5214 
693 
-471 
-3492 
9194 
7889 
-8079 
6485 
4215 
-3556 
5480 
-4618 
7937 
6081 
-7322 
-8270 
-2520 
-257 
-9801 
-1393 
-8412 
1772 
9200 
4877 
924 
-3388 
-680 
-1895 
-7194 
2973 
-9083 
2057 
9009 
4218 
-7531 
438 
8566 
3382 
-4123 
2189 
5593 
-5247 
4599 
9407 
-3220 
2895 
-7711 
-7446 
9000 
-2975 
7422 
-9204 
604 
8476 
6440 
-6827 
4402 
-2695 
-4087 
6447 
-2849 
-4858 
669 
-2629 
-6654 
-9355 
-8859 
242 
6863 
1361 
-6293 
-9268 
-9509 
-6277 
7667 
-4033 
-562 
-7746 
6261 
4008 
-6532 
4705 
-3083 
-3517 
-4150 
7157 
7384 
-6140 
2913 
-2948 
-1068 
-654 
7010 
7569 
6668 
658 
-4753 
5430 
895 
-1164 
-1559 
-5986 
-9962 
8630 
-8504 
-4628 
1731 
1877 
-4002 
-2060 
3609 
-7277 
4633 
3929 
-1979 
9304 
-1677 
9382 
-1607 
-989 
3499 
2257 
4072 
3522 
-177 
-9226 
-9970 
6683 
-2989 
-5439 
-2578 
-6792 
383 
-5640 
-792 
8424 
9773 
326 
-4201 
-1048 
-4796 
-3644 
5705 
1345 
-35 
-2966 
3413 
1654 
600 
4897 
-5747 
2615 
8863 
6210 
3681 
-1488 
799 
-2853 
-3426 
6820 
-5376 
2355 
1299 
6030 
-7948 
-5117 
2211 
5336 
-9763 
5957 
20 
-7102 
9339 
6590 
3422 
8609 
-6159 
-6556 
-6043 
595 
1377 
-4051 
5995 
-3326 
-1972 
-5870 
1568 
-3882 
-7764 
-1519 
7932 
-60 
-5834 
5385 
-8229 
489 
7572 
6142 
-1946 
2796 
-3779 
404 
-9540 
-5911 
-2787 
3215 
-1699 
-9649 
2655 
5891 
-5686 
-3676 
-9729 
-7084 
-2561 
3206 
5601 
3916 
-3166 
5714 
-9564 
-7465 
169 
3385 
-4109 
-955 
5355 
7230 
-3637 
4301 
-1622 
-4007 
4383 
8855 
7241 
-774 
1016 
-1655 
-782 
6664 
2472 
982 
2135 
2636 
-3817 
2013 
-1722 
1906 
-6283 
4948 
-4021 
-1912 
9715 
-7000 
8167 
6625 
8174 
-2680 
6329 
4036 
-1618 
8766 
-3974 
-5316 
-1338 
4634 
-8341 
9022 
-3620 
5641 
3841 
3799 
386 
6038 
8069 
2170 
2425 
6140 
-683 
-6547 
9343 
-8398 
-1241 
8972 
-525 
-5971 
4621 
8837 
8222 
-8518 
-4143 
1545 
2624 
-6338 
-3871 
376 
8958 
-3509 
-610 
7924 
-2348 
-1592 
-1887 
8565 
-470 
-2870 
679 
-7884 
-7833 
4187 
-6976 
-2688 
574 
9470 
-1264 
-3281 
4743 
3460 
1325 
7299 
162 
541 
5987 
2723 
7836 
-5735 
-7294 
970 
2084 
6954 
-5648 
736 
-7096 
-2077 
5946 
6409 
2271 
5555 
-5839 
8048 
2517 
-1388 
569 
-3664 
-5385 
-3119 
-9339 
-7408 
6299 
3285 
-9869 
-2547 
5723 
8538 
-4364 
2405 
-3587 
-5393 
-9483 
9556 
4593 
2543 
2359 
4695 
-7044 
-5629 
-4939 
-7889 
-3932 
5447 
6995 
2837 
2540 
459 
-5282 
-211 
-1942 
8125 
-4462 
-2462 
-7839 
5875 
-4895 
-9764 
7192 
9270 
1370 
3405 
2534 
9173 
-462 
1504 
-8441 
3792 
8432 
-8583 
-170 
7676 
8115 
3670 
-6143 
7238 
1559 
-1916 
5326 
-915 
-130 
-9825 
572 
2033 
5540 
-9600 
-3697 
2292 
6733 
-7116 
-7791 
-2010 
5392 
-7230 
-9859 
1168 
1627 
-1043 
5783 
5104 
3035 
498 
-18 
-242 
-7104 
-2365 
304 
5179 
-7688 
8070 
-2998 
4562 
-8612 
6725 
-8782 
-984 
-8167 
-6517 
534 
-3184 
-2390 
2928 
3817 
-9610 
5188 
3008 
1979 
-8959 
4795 
7844 
-2382 
-9931 
2711 
125 
-3229 
7062 
1661 
-5401 
1347 
-2395 
-6867 
319 
-7429 
-1426 
8263 
-8405 
-3131 
-5819 
5189 
-8562 
336 
-6236 
-2039 
-7497 
7000 
9254 
6837 
-2559 
634 
-1531 
-9501 
3645 
9362 
8096 
-2485 
-9892 
6763 
2602 
-4413 
6651 
-3494 
-8460 
9155 
1224 
4774 
-3338 
-2809 
7225 
-4523 
4909 
7742 
5204 
8547 
-8598 
-8652 
-4215 
6971 
-3652 
777 
7217 
2727 
7038 
6580 
7449 
8709 
-9188 
-3901 
1065 
-9360 
-5698 
-9472 
8212 
8156 
-7930 
2457 
-762 
2561 
7515 
-619 
-5360 
1852 
7223 
-9737 
7539 
-4400 
5579 
5927 
-1475 
3181 
-2726 
-1749 
-4234 
6372 
-1927 
6788 
4470 
8467 
-8726 
5609 
7408 
-6806 
8013 
-2929 
1492 
7860 
-1767 
-4774 
-8604 
9265 
7791 
-7502 
-600 
-3812 
-7148 
7252 
5408 
-3008 
5512 
2241 
8108 
4931 
-793 
2104 
4047 
2958 
-9630 
-8626 
-7069 
5068 
4991 
-3880 
9138 
-7191 
1585 
7721 
9350 
7635 
7716 
-7491 
-2993 
4835 
7724 
-6297 
1081 
-4758 
368 
7563 
4669 
-6040 
3347 
-5557 
-6956 
-8277 
1342 
1123 
8179 
6437 
7136 
9551 
-8798 
-2346 
-947 
-7193 
-5294 
-4156 
2165 
73 
-6617 
3165 
-2750 
-6385 
9733 
9469 
4885 
-5521 
-4625 
9634 
-7271 
3344 
-3571 
6987 
7392 
-8758 
-960 
-3027 
7050 
6444 
-5701 
2539 
5627 
7401 
6056 
-9698 
9417 
7165 
4730 
-9058 
-3112 
-6423 
-5858 
1390 
7630 
-6945 
5090 
6901 
8221 
-8643 
2039 
7461 
-7705 
-1652 
780 
-5347 
-1738 
-8693 
6607 
362 
8895 
1707 
-695 
571 
6585 
-8972 
2373 
-6490 
7920 
9569 
3079 
3063 
-4094 
-6983 
2513 
1898 
-5059 
-5565 
-4900 
-338 
-3331 
2175 
-7556 
7979 
-8142 
-5530 
-9580 
-8334 
6791 
-8430 
621 
2068 
2840 
-5293 
-6188 
131 
-1543 
-4655 
7183 
632 
-9108 
1093 
5804 
-2701 
3475 
-9616 
5860 
-5277 
-2120 
9537 
-9107 
-345 
2262 
-551 
-2843 
8488 
1356 
6754 
-4185 
6886 
-8926 
1252 
-8699 
-2447 
-2277 
-4335 
7502 
-482 
5263 
-6897 
7209 
-8224 
7960 
-2955 
325 
8510 
5465 
-1850 
-2758 
-8919 
-5959 
-4288 
3710 
544 
-29 
8054 
7828 
-4553 
-6565 
-7951 
5643 
-1506 
-5397 
9251 
3880 
5014 
6571 
-9459 
-1084 
9084 
6176 
-1188 
-7734 
-8202 
4486 
-1037 
-2021 
-8395 
8516 
-5499 
2908 
-6335 
1098 
-5533 
4900 
-713 
9458 
4126 
3573 
1002 
-9175 
6215 
-4246 
5432 
1122 
-5233 
-322 
6669 
7640 
-8824 
-2441 
5600 
-3193 
3223 
9333 
-7041 
-9637 
-3821 
670 
4954 
-5953 
8057 
-2537 
-6147 
-7757 
-6411 
-8998 
-3198 
350 
-9415 
-4994 
3096 
9356 
3987 
289 
4077 
-1135 
-5902 
6276 
8568 
-9486 
6224 
-4916 
9412 
2881 
4048 
9460 
7309 
1237 
-2875 
7972 
1515 
-9840 
5238 
6420 
-3790 
5360 
8692 
3045 
-6344 
2130 
7270 
-4508 
-8901 
3261 
-9966 
-6968 
-8472 
-390 
2663 
1686 
2399 
-7223 
-5040 
-3684 
2420 
-9366 
-1629 
6600 
-9202 
1648 
-153 
584 
-8290 
-1983 
8858 
327 
-5779 
-1249 
-2987 
4238 
-7456 
-8897 
2784 
870 
-9484 
8320 
6104 
1199 
-9018 
-2863 
2144 
7841 
-1787 
-3508 
-3602 
-8298 
-1672 
4944 
5426 
-4779 
8688 
-8038 
-4073 
303 
-6314 
-795 
-842 
6599 
-9145 
4041 
1982 
-7473 
-7970 
4545 
-4382 
-135 
-4536 
-5886 
5821 
3653 
-1451 
3240 
-5926 
-3900 
3324 
6344 
-6393 
4662 
-6711 
-1800 
7104 
-8247 
3253 
-2835 
7471 
7276 
-4389 
-1236 
-104 
-7978 
7142 
-9846 
7657 
-4627 
-1373 
-4888 
4063 
5687 
-5545 
-3987 
8201 
5230 
-419 
9625 
-250 
1369 
-9992 
-6289 
4339 
-9689 
4479 
1006 
-3771 
-2705 
-3052 
-5853 
-5795 
3484 
6027 
3983 
-9584 
-4759 
4526 
-6589 
9150 
872 
790 
-648 
5327 
5948 
5845 
-7303 
-222 
-2177 
1670 
2075 
-9315 
-7307 
-225 
-2210 
3430 
-1334 
7355 
7105 
2206 
9323 
1340 
-589 
5537 
-2916 
4053 
-1948 
5265 
-1078 
-6634 
2222 
5023 
7686 
-2747 
-5 
8281 
94 
394 
6410 
-7593 
-6104 
-6458 
1063 
-7906 
4582 
5684 
948 
-1437 
-1512 
-890 
-9476 
4842 
-5916 
-1540 
-491 
-9572 
-6569 
9689 
-8446 
7872 
-6557 
-3752 
-2442 
-6608 
5214 
8287 
6612 
-9231 
6639 
-9642 
5371 
-9244 
6071 
1840 
-8220 
-3839 
9481 
7065 
5866 
4242 
-629 
5117 
5211 
6746 
7994 
3763 
314 
2010 
-1015 
-9068 
4990 
-7962 
3109 
189 
7049 
6905 
-7826 
-3809 
-156 
2683 
8397 
-1935 
912 
-4180 
2429 
-1428 
4192 
4080 
-6513 
-4716 
45 
7343 
-265 
-5494 
4974 
5910 
4801 
-5800 
-5955 
-7547 
-6927 
-5638 
-903 
8894 
4260 
-6526 
1962 
-5245 
2166 
-8503 
3005 
8453 
4132 
-3394 
-9257 
-2546 
-5920 
-1688 
5662 
-7175 
-7743 
3805 
3360 
-3531 
1227 
-3134 
2831 
6552 
-4978 
-545 
-4730 
4664 
-2553 
4336 
7317 
-1314 
-3268 
4442 
-8934 
-6740 
3669 
-9006 
-4256 
8961 
-9696 
9020 
7777 
1300 
-9224 
-4531 
4285 
1208 
2580 
8904 
-6854 
-3029 
-477 
3015 
-1319 
-3020 
-5849 
-4787 
-1189 
8087 
1026 
-9774 
2734 
-7232 
4158 
843 
-6847 
2659 
-6382 
2464 
7537 
2470 
7927 
3558 
3767 
8600 
8634 
-672 
-4686 
6236 
-2984 
6956 
6201 
-1807 
-2936 
4419 
-7648 
403 
-1521 
1923 
9129 
-2959 
-9543 
9708 
5007 
-3528 
1826 
2526 
8758 
2757 
-6480 
1739 
6919 
2012 
-8977 
3277 
4451 
4076 
-7841 
-7047 
5908 
5099 
-57 
8186 
-1471 
-815 
-4355 
294 
-2217 
-8288 
1890 
647 
973 
535 
-8238 
-2430 
7002 
