3000
3938 
4715 
-4949 
-543 
-4010 
-5634 
3264 
3223 
-7 
-4973 
-4928 
350 
4109 
5434 
-142 
-5153 
-331 
-1113 
-4990 
-3795 
238 
-7059 
2434 
4147 
-356 
3892 
6465 
1464 
-6987 
7170 
991 
104 
391 
5172 
2937 
-544 
-1958 
-5295 
129 
456 
-6324 
-1944 
5914 
2398 
2464 
4473 
-4854 
-173 
-4358 
1657 
-3543 
-3618 
-7110 
-835 
-583 
7382 
-3393 
3346 
5723 
-5979 
6707 
-2759 
7313 
3523 
6017 
-5614 
-5333 
-3412 
-3961 
2664 
-1028 
-2411 
-3529 
-4409 
-2718 
-1648 
-7424 
3551 
-6069 
1811 
-7496 
2153 
-2824 
-1631 
-7335 
-5354 
-1822 
-5476 
-7030 
-6781 
-5068 
7445 
-1947 
-2652 
-4900 
-100 
-4451 
244 
197 
-3133 
3272 
4698 
1042 
3354 
-2640 
1071 
6984 
6179 
-7413 
-4264 
2530 
3085 
3144 
-7468 
-2450 
-2816 
1402 
4018 
7367 
6280 
2536 
-5187 
6500 
1887 
4796 
4599 
-4281 
-6023 
-6576 
-2941 
3067 
2517 
-2119 
-4482 
223 
-5315 
-1521 
4894 
-192 
7213 
-4183 
-4818 
7142 
-6863 
5880 
7318 
6450 
3456 
570 
-957 
2871 
172 
-1175 
-6289 
-4363 
7020 
2674 
-5731 
-2623 
1418 
-5562 
-667 
5526 
-3335 
1755 
-965 
4418 
-7273 
1885 
-5795 
-1626 
4006 
7562 
-771 
-6581 
1115 
-4806 
3521 
-7077 
4417 
442 
7311 
1395 
-6958 
-289 
2421 
-7209 
-1754 
5882 
-2254 
-3294 
4805 
-7239 
-3150 
-5371 
1763 
-1417 
-7289 
7507 
4472 
4608 
-5506 
556 
-4533 
-1048 
2640 
-6760 
-4464 
4878 
-3153 
-5632 
6836 
2013 
-2265 
-1477 
-1895 
7263 
-3905 
-50 
3296 
-3707 
993 
-796 
-1455 
673 
-6934 
2788 
-410 
-4565 
5736 
-2928 
-5918 
-2855 
-1619 
743 
1529 
5193 
3043 
3734 
3589 
-2363 
5224 
3716 
4969 
-6874 
-650 
1390 
7050 
-6845 
-6776 
77 
6659 
6111 
4285 
3540 
-4157 
6713 
6571 
5634 
-4756 
4098 
-5054 
676 
-3199 
2603 
7019 
-1149 
-2142 
7000 
-376 
5352 
-4587 
-6872 
494 
7093 
-6599 
-7147 
-2432 
-2626 
-7263 
-3248 
-6590 
839 
5792 
3675 
4092 
2025 
-5398 
-6570 
-931 
1099 
26 
-7463 
-3330 
2706 
-1547 
-3069 
5764 
-1442 
4772 
7113 
-3502 
-3731 
-5794 
3400 
1232 
-6589 
2503 
3241 
2471 
5430 
5039 
-4664 
-3302 
-3881 
-7109 
-1713 
5027 
2719 
5989 
3983 
5321 
869 
-5266 
1862 
-904 
106 
-3847 
1365 
-5955 
5171 
-4088 
-4679 
-4289 
4010 
-7118 
3932 
2412 
1342 
4519 
-4386 
1146 
5869 
-3783 
-5446 
-4350 
-2100 
-2228 
3130 
1978 
46 
-789 
3804 
6537 
6870 
-6099 
3203 
374 
-5620 
-4165 
-7092 
-5789 
-3019 
6700 
-5837 
-5 
-6681 
-7125 
-2109 
-869 
398 
-3309 
-1531 
2320 
2998 
1282 
-1104 
7590 
-5629 
-6135 
4030 
-3868 
3582 
6993 
-4800 
2702 
6912 
-5384 
-6672 
-2094 
6580 
-688 
3232 
6899 
7211 
5772 
6256 
86 
2491 
-674 
-3349 
-6320 
-1427 
-4930 
-923 
-2429 
6618 
-7479 
-1762 
3186 
825 
5657 
-2919 
-2646 
-6924 
-2169 
-4329 
2900 
4382 
2383 
-646 
-1871 
-2978 
5931 
-5575 
4488 
-3675 
-3313 
6968 
-84 
-6888 
-6468 
386 
-259 
-4221 
2159 
3748 
4668 
-3929 
-7278 
-7316 
-6534 
4567 
-5879 
-2768 
-193 
1602 
4445 
-6341 
6227 
-2323 
-2347 
5002 
-129 
-4470 
1922 
109 
-4184 
3615 
3685 
-5128 
7328 
-6457 
6649 
-2187 
7412 
4047 
3376 
4776 
-3838 
5758 
3465 
6245 
2863 
4806 
-2859 
-6664 
-622 
-452 
7167 
-5239 
5062 
-7491 
7425 
-6483 
-6765 
-5549 
-6650 
5489 
5572 
2677 
6076 
-7044 
-2493 
-851 
1630 
2646 
6428 
415 
1618 
7061 
-2170 
5336 
5373 
3549 
-3550 
4262 
4390 
5503 
3907 
-3061 
4403 
5399 
2120 
5776 
-1885 
-2852 
2185 
-5543 
1822 
-4077 
-2618 
1154 
6033 
-7231 
-1362 
3952 
-3930 
882 
6834 
6842 
-3076 
5825 
437 
-490 
3600 
-2067 
6903 
3472 
-577 
-2547 
-7458 
-725 
2631 
5502 
4120 
1544 
40 
3318 
7278 
3109 
-746 
5382 
4874 
2458 
6481 
5216 
-1634 
3688 
1965 
3247 
-1274 
2964 
3156 
7572 
4515 
7027 
-560 
-6544 
-4698 
-5530 
1131 
5203 
5592 
5775 
-5065 
-4043 
1034 
-4033 
-5405 
685 
6879 
3742 
4676 
-3507 
-1807 
3446 
-873 
-4066 
4190 
4626 
-3932 
7285 
-3155 
3372 
7255 
1055 
-3669 
3473 
4307 
1368 
5739 
6229 
-5180 
407 
-2219 
1319 
1785 
-7304 
-5021 
-280 
-4067 
-2128 
-6071 
-4185 
210 
-1043 
-2927 
-5640 
-2014 
2678 
756 
3835 
7563 
2239 
2392 
396 
1228 
-2369 
-5214 
4442 
5031 
3208 
7347 
473 
148 
611 
282 
-4738 
-807 
-5735 
6454 
-5107 
-554 
-4968 
-6784 
7224 
-3789 
-4321 
3046 
-6659 
7219 
4278 
3857 
451 
599 
1789 
-57 
-86 
2000 
7395 
1871 
521 
-4001 
-3889 
-6423 
971 
3896 
6246 
1387 
-6820 
1410 
7341 
5974 
-2468 
1572 
4357 
-7351 
-6000 
2687 
3452 
-6700 
5185 
6329 
-4016 
7492 
-1409 
5891 
2725 
-1865 
1624 
-4303 
1236 
-5271 
-1022 
5535 
3303 
2454 
3096 
1660 
-3985 
789 
4770 
-6068 
5704 
-6542 
5990 
-1188 
-517 
5609 
-5519 
-6929 
-3498 
-5162 
-1564 
5267 
4639 
2160 
-940 
7340 
-2747 
2578 
-5658 
1294 
1175 
6564 
-2956 
-1820 
-5648 
-1062 
-6856 
6728 
5297 
1734 
4887 
-2969 
3177 
-5061 
-899 
6689 
4537 
6609 
-2499 
6029 
4631 
-3645 
6508 
-884 
-144 
-5039 
6170 
7217 
-7217 
1714 
-7139 
-6091 
5606 
818 
-6253 
930 
6490 
1331 
-2561 
3702 
-6017 
-839 
7589 
-4178 
-700 
2798 
5959 
509 
-4228 
-4962 
3842 
-4062 
3194 
4732 
6440 
-1909 
2815 
3415 
6452 
-434 
4298 
7034 
-3000 
-555 
-5800 
3387 
4168 
-2628 
-1577 
2995 
-7399 
4139 
7417 
-614 
2721 
-7097 
5472 
-3209 
-2853 
138 
-5605 
-6971 
6397 
-7001 
-1963 
1584 
5664 
755 
4254 
-3202 
53 
-3578 
-3752 
6601 
-2506 
5089 
2063 
1492 
1244 
-3885 
637 
-819 
-3218 
2142 
2545 
-3681 
-2691 
1496 
658 
7536 
1345 
4474 
3635 
-3184 
-5296 
2667 
5568 
246 
-5780 
-6332 
-5399 
-4369 
5933 
4830 
-4026 
-6126 
-2320 
-6714 
-3970 
-3099 
-3661 
-5095 
6820 
3992 
118 
-2728 
7345 
-7442 
-4004 
-1571 
5148 
-7371 
1302 
-3364 
-7422 
2923 
-37 
-637 
5208 
-4509 
-7330 
5105 
4867 
1753 
-4897 
1251 
-11 
-2831 
4792 
-3754 
7251 
1198 
-253 
4560 
7469 
-2784 
-1738 
-3399 
-5267 
14 
6650 
-3047 
-2189 
-2193 
-4293 
-1395 
4866 
-4909 
-6745 
-6880 
-4126 
-2874 
3785 
3037 
-1706 
-1262 
-3814 
-4654 
-469 
-1507 
1086 
147 
-1999 
-4548 
230 
-3471 
988 
-4723 
-883 
-6830 
7443 
-3010 
5438 
-4884 
7447 
3965 
-7435 
2166 
-2001 
3050 
-7449 
-2734 
-1795 
1593 
-7364 
1598 
-49 
-3659 
-914 
2072 
-1971 
5358 
-5191 
336 
2857 
-5721 
-1673 
-7184 
-4682 
-1892 
-603 
-312 
565 
4271 
1894 
896 
4346 
1446 
-7389 
2149 
1047 
-1787 
-468 
-1880 
2647 
6963 
3757 
2170 
-5448 
4588 
6846 
5923 
-5012 
2982 
-6604 
1561 
5670 
-1886 
3594 
-5469 
-4757 
-764 
-5031 
-2484 
-6166 
-209 
-3818 
-2231 
6666 
-3853 
-5970 
2052 
4405 
-3193 
217 
-6420 
2758 
-787 
-2097 
3969 
-553 
3608 
-1515 
-4175 
-1171 
6118 
2347 
-4055 
-4334 
-1916 
-7241 
-3480 
-160 
3101 
-5744 
1431 
3886 
-6657 
2912 
2816 
-3486 
5851 
-4557 
2033 
2742 
-2301 
-7177 
-5610 
4076 
-5617 
-943 
6759 
-2531 
-681 
-4847 
6090 
-1211 
-609 
7392 
-2611 
5054 
-5931 
3669 
6770 
-4616 
2801 
4580 
-6642 
-1034 
-4816 
6705 
-801 
-6074 
3991 
-3524 
-1915 
1069 
6825 
366 
5160 
-785 
-6193 
-5670 
-7493 
-5907 
2190 
5005 
2086 
7556 
809 
4457 
4311 
-3257 
-4284 
7498 
-2030 
-5727 
6414 
5306 
3402 
-7484 
-5176 
5747 
2068 
3189 
-6761 
-4290 
-2647 
-1248 
-2217 
-7309 
-3186 
7175 
4850 
-5136 
3882 
-2793 
-3627 
6804 
6515 
-1615 
5598 
-6560 
161 
2039 
-6853 
1960 
5080 
-5751 
-6962 
2838 
5613 
-6048 
3147 
-7433 
-1150 
-3656 
-1385 
-6249 
-3083 
4323 
-784 
4762 
-3630 
-2053 
-1005 
5098 
-6012 
5422 
-6149 
1183 
3971 
5075 
-2548 
2130 
-4161 
5745 
-1583 
3691 
-1319 
-642 
7501 
881 
-298 
2616 
-6153 
1028 
1916 
-1698 
3812 
3233 
-65 
3371 
7149 
4818 
978 
269 
2021 
1952 
-2359 
-1169 
2082 
-3955 
-4742 
-568 
-6315 
443 
1323 
2200 
1722 
4627 
4494 
-4979 
2893 
7150 
-1699 
-2742 
606 
-411 
6144 
-1137 
-6357 
-658 
2101 
-1596 
-3172 
-7182 
-6245 
-7434 
3292 
-3175 
-1452 
2179 
-2005 
-5212 
2779 
5250 
-3806 
4438 
380 
-6322 
6304 
-1283 
6668 
4360 
-2403 
-1562 
1224 
2772 
-4255 
-7054 
-5501 
7063 
2867 
1523 
-95 
5647 
6355 
3946 
7011 
-5762 
353 
-1090 
4746 
2971 
6049 
-4311 
5782 
4166 
88 
-1692 
-1240 
6073 
-2504 
10 
-918 
6183 
-4497 
5734 
-1639 
-6476 
-5088 
1614 
6823 
-2202 
854 
4123 
2791 
3695 
3533 
1948 
4466 
-2516 
4303 
4683 
2954 
-3280 
4702 
-1324 
2668 
-362 
5055 
-2259 
36 
-2381 
-2698 
7307 
32 
-4558 
5244 
-3485 
369 
-1354 
5440 
3253 
3063 
2388 
4722 
-354 
-591 
-7039 
-7093 
-370 
4063 
6349 
3362 
3138 
6896 
1014 
-7322 
-2539 
-3914 
97 
5236 
7441 
-5832 
5453 
-5437 
2931 
4397 
5109 
3079 
-5914 
-4237 
-5304 
3705 
-3776 
-2158 
4526 
6381 
3719 
-2581 
-2164 
-4540 
-761 
-2154 
-6328 
-5963 
-4047 
4104 
-391 
2246 
924 
4812 
-2157 
6189 
-5356 
-5210 
-5073 
-2419 
1509 
-3242 
-5025 
-4163 
5924 
7358 
3021 
2294 
-2543 
6300 
-5688 
-1435 
5018 
3960 
-6210 
-477 
-1857 
3572 
2523 
-6223 
2366 
-1081 
-2719 
-2738 
-3587 
3999 
3628 
4836 
-5554 
-515 
5380 
7131 
-1308 
-7031 
7300 
236 
2675 
-3686 
-3952 
2482 
7486 
-5258 
3864 
6331 
3766 
-6105 
7354 
-1724 
-927 
-3908 
7416 
1656 
2500 
3431 
-1801 
-4048 
3546 
3662 
201 
4983 
7102 
2372 
-5873 
2786 
-6419 
-3054 
3077 
-416 
5979 
6865 
6261 
7186 
-346 
1730 
-1823 
-1129 
-3613 
1569 
-5876 
2286 
2285 
6081 
-774 
4056 
-3897 
6197 
-3823 
1626 
4591 
-753 
-4195 
583 
4480 
224 
-4807 
45 
-5643 
-6236 
7579 
4432 
-6799 
-379 
-1054 
5788 
6727 
-6305 
-7360 
1580 
-5709 
-1486 
5618 
-1781 
4904 
-874 
6927 
1697 
1140 
6158 
-1934 
-3511 
1556 
-3861 
2008 
-2150 
-846 
-7045 
-2637 
3670 
-1076 
-168 
-6411 
-2933 
5123 
4962 
-535 
-6718 
-5906 
5404 
3005 
7077 
7530 
7540 
5013 
1474 
2449 
-1097 
-5116 
-6826 
-2024 
-4732 
6274 
-6399 
5553 
-776 
6473 
4158 
6451 
359 
-4031 
961 
6342 
-3322 
-5656 
-6613 
5712 
1378 
5679 
7375 
-3051 
-6429 
7586 
3385 
1705 
3268 
5496 
-6117 
-4829 
3900 
6928 
2283 
7551 
2990 
5332 
-7343 
-3020 
-1940 
2705 
2564 
989 
-1769 
-6207 
-2114 
2939 
-6836 
460 
7006 
-5644 
-5583 
-6920 
-7387 
-2675 
-448 
2496 
6645 
3612 
-3119 
3146 
-2076 
1128 
-4189 
4655 
3462 
3164 
-3874 
7549 
6193 
5069 
-1729 
-359 
2214 
-7022 
-6150 
-5667 
6406 
7193 
542 
1330 
-1462 
493 
534 
-5144 
4338 
-350 
3728 
7478 
1924 
-5247 
-2779 
1708 
5048 
6763 
6230 
3479 
185 
-747 
-5942 
714 
-3573 
6736 
-3654 
4353 
-39 
848 
-3774 
-5042 
6269 
-6448 
-1850 
-1613 
5847 
-3977 
1804 
-4716 
3418 
2358 
1409 
209 
5462 
-5708 
-1776 
-2655 
-6949 
-429 
1842 
6784 
3179 
-6627 
-1136 
1849 
-7153 
-200 
-507 
-5496 
3650 
6975 
3488 
6895 
5341 
1919 
-6111 
7297 
-3354 
-5983 
700 
3411 
5283 
645 
-3226 
-6062 
6164 
-418 
4897 
-7023 
-4491 
-1100 
-6594 
-7249 
3528 
-7407 
3583 
-2899 
-2684 
-2037 
5448 
6330 
-6390 
-2390 
-5223 
1784 
-6628 
1357 
-442 
-5566 
-856 
3054 
-6331 
1123 
-4820 
6001 
2289 
6681 
2879 
-3378 
1269 
-4169 
-25 
-2045 
-5369 
7051 
1007 
-4946 
4374 
-7071 
4841 
6375 
-2515 
-5431 
-4429 
-4936 
-641 
1935 
-7020 
6480 
-1994 
3851 
1113 
6947 
-4478 
-302 
-911 
-1381 
3336 
6677 
-458 
4487 
1460 
-3879 
-6943 
-5100 
5682 
-5138 
-6980 
-1942 
5307 
-333 
-1490 
3798 
-5186 
1665 
-7244 
-87 
-4132 
4370 
1743 
4227 
-6002 
650 
4434 
1517 
576 
-3740 
303 
-6356 
5744 
5662 
5671 
7512 
1908 
4783 
-4860 
-4320 
-2133 
4362 
-4754 
4453 
1600 
1104 
5318 
-2666 
3108 
302 
-4610 
-4044 
6629 
-3372 
4662 
-4620 
5625 
-6365 
6750 
6423 
-5893 
-7470 
4411 
5819 
-4461 
-7129 
5844 
861 
3013 
1986 
-6950 
-6998 
1348 
2263 
-6083 
149 
784 
4691 
-3038 
-6683 
3124 
3565 
936 
-6798 
6041 
2228 
1690 
-4582 
7290 
-3765 
1483 
4564 
7463 
6366 
5312 
-6369 
1050 
-6777 
6586 
-716 
3391 
5333 
-245 
2977 
7364 
4283 
4163 
3068 
7235 
-4204 
-2556 
5648 
6522 
1442 
-7189 
5761 
-5922 
1503 
5814 
-4109 
21 
-7171 
-1161 
123 
-3825 
324 
-3557 
1097 
4646 
-2272 
-1961 
2440 
2479 
-3577 
-4504 
7432 
-6200 
-6374 
6641 
-2704 
-2435 
-3405 
1606 
-1404 
-2357 
-2775 
-5534 
4953 
5629 
-4914 
-4395 
-629 
5036 
2207 
-2865 
-7164 
7521 
2751 
-980 
-110 
6293 
-5812 
5515 
-4141 
344 
7374 
-3159 
1362 
-7256 
-1291 
-4125 
-1897 
4124 
-703 
4759 
6493 
-2108 
802 
-2395 
-6422 
-5679 
2824 
574 
-2478 
-5974 
-4643 
-6687 
1091 
-5699 
-2464 
-4789 
1798 
-828 
5347 
-5852 
-4356 
5512 
6939 
2254 
7004 
4133 
-382 
-5397 
-1912 
2582 
5837 
-5351 
-4922 
1057 
3581 
-273 
7018 
-6299 
-2559 
3225 
-2842 
1189 
-6037 
-1371 
-3140 
4192 
2846 
4811 
2044 
-3106 
-3216 
2056 
6888 
501 
2182 
-41 
-739 
-1229 
-1122 
6803 
6776 
666 
2884 
1290 
-4803 
4021 
-2471 
-5857 
6206 
6672 
1377 
-5774 
-3085 
-3279 
2456 
3170 
1536 
-4366 
-1304 
-4333 
3916 
-3831 
-7063 
477 
5417 
-3996 
918 
5995 
-6218 
-2590 
-538 
-6007 
1810 
176 
-6646 
-1549 
-2085 
-1831 
-4695 
7123 
6775 
-28 
-4954 
4842 
2264 
-6914 
-1157 
-2126 
5690 
-5396 
1260 
-104 
4875 
6565 
-3204 
-891 
-6618 
2237 
-3651 
-2503 
5330 
-4420 
-3749 
-6439 
-2422 
-138 
-236 
5178 
3783 
-3165 
4177 
-4950 
3775 
5805 
5289 
4726 
4939 
1064 
2736 
965 
5029 
-7358 
1366 
7062 
-5341 
1892 
-1184 
1209 
-5447 
-5455 
-2925 
-1684 
-2216 
-3938 
1001 
5729 
-6967 
-4848 
-102 
904 
-1245 
-1448 
-2592 
3721 
-5514 
286 
-6380 
-7102 
-3379 
-2991 
-2572 
-4995 
-393 
-6431 
-4100 
-2890 
-1220 
-6143 
-7421 
-4842 
4858 
-4519 
4708 
-6495 
4340 
3873 
2350 
-7004 
-6464 
6211 
7084 
-6029 
-4443 
-1468 
1203 
6115 
5982 
-7390 
-6671 
-6301 
594 
-5841 
3119 
5470 
887 
-2412 
4035 
5879 
-2330 
-2351 
-122 
-3797 
2023 
1603 
-7048 
155 
656 
-5992 
-1524 
2310 
-4656 
5834 
-4770 
6336 
-1589 
6627 
3507 
4212 
2017 
-4095 
-5897 
2103 
-2838 
-6735 
-5548 
-169 
2694 
2198 
1218 
939 
-6389 
3622 
1773 
623 
-862 
4039 
-6188 
1828 
-5170 
1356 
5695 
2763 
-6602 
-5324 
-2292 
-4452 
-6480 
6857 
5195 
-3270 
-5280 
4927 
1127 
-79 
3817 
-4245 
-4247 
4574 
4739 
-4080 
1873 
-4279 
-6749 
2141 
1310 
-3448 
-5720 
-4891 
-6402 
-1196 
-973 
-5348 
1847 
-3648 
2908 
-3692 
2623 
-7363 
2577 
7331 
6061 
3384 
6054 
-1205 
-2995 
-4270 
-3636 
4389 
-4484 
311 
-475 
-6991 
-7197 
-4877 
6540 
1671 
-3465 
3672 
515 
4586 
3279 
-2375 
4182 
-5958 
-3037 
1997 
4232 
-4893 
-7200 
3832 
6057 
-3864 
-6809 
5481 
-2620 
2134 
-1664 
-1722 
1084 
-185 
-4213 
-1341 
5427 
-1689 
-7331 
-5867 
3989 
4241 
6496 
-2280 
-1235 
-3566 
-5741 
770 
-3722 
-6046 
1077 
-5526 
5659 
-5421 
2829 
-5049 
-1921 
7223 
-2598 
4250 
-2906 
1644 
-5491 
3398 
-3762 
-5427 
-6824 
2213 
-7226 
-6769 
-3457 
-229 
-6828 
3554 
3558 
3527 
618 
2555 
5494 
-99 
4613 
6005 
-1563 
-5255 
5063 
2407 
-4075 
-7160 
6920 
551 
-2341 
-360 
-6266 
6022 
3950 
5000 
-3767 
-5820 
-2848 
400 
-1975 
-6598 
-6312 
-814 
7137 
6956 
-1604 
-4511 
1903 
5135 
7545 
7415 
5720 
-1985 
7163 
1767 
1858 
728 
951 
261 
34 
5874 
1836 
-833 
4621 
-5767 
-699 
-834 
-4573 
304 
-5411 
7243 
3159 
566 
-1842 
-7052 
-4437 
-1949 
737 
5408 
-6696 
-1683 
-7130 
6314 
-3442 
-3585 
4219 
-5590 
-6723 
6031 
-4037 
-7196 
6166 
132 
5945 
5904 
5963 
-3482 
-1747 
-615 
-2942 
-5694 
3642 
-6502 
6529 
764 
-1071 
-3195 
-4867 
2301 
6557 
-7265 
253 
-2524 
1072 
3114 
-1020 
1427 
798 
4203 
7468 
2318 
1160 
6578 
4552 
-3370 
-2904 
7371 
-2311 
6441 
-3928 
2126 
-4342 
7454 
-5302 
-4370 
-4871 
6225 
-5002 
-2884 
3789 
5561 
5521 
6585 
2336 
5778 
-1926 
-5286 
6546 
-1539 
4752 
-660 
7321 
3755 
-5173 
3786 
3325 
-3235 
-4574 
3395 
7542 
-6968 
-3382 
2958 
4269 
-4269 
7159 
-1656 
-4455 
-5417 
-19 
2076 
5436 
-4416 
6602 
-602 
4529 
3636 
-5990 
5364 
-2658 
-5915 
3423 
3342 
424 
-3086 
6361 
-985 
-309 
3941 
692 
-6162 
-6109 
5168 
5872 
-6907 
3515 
1779 
-5881 
2075 
5275 
4507 
5579 
-4906 
2221 
2602 
-3837 
-2537 
-4627 
6811 
3095 
3464 
-2113 
2731 
5751 
3380 
-4604 
-5078 
6790 
792 
-711 
-5951 
4935 
3579 
2112 
-4646 
-4834 
4114 
984 
-3433 
-154 
5156 
-5125 
4913 
1939 
5639 
-526 
-4595 
-3873 
-4706 
-6281 
2261 
2326 
4544 
2427 
-7295 
-5756 
-218 
-2739 
-3966 
2584 
-541 
-5803 
6743 
-4414 
-7083 
-593 
5908 
2511 
-1834 
47 
1830 
-3766 
4356 
-732 
-7011 
3171 
-6729 
3924 
3015 
2243 
5588 
2447 
-3189 
6383 
6573 
5141 
1683 
6288 
170 
-4977 
6013 
2804 
-3114 
552 
62 
-1573 
-5363 
-5847 
-4400 
2656 
-5281 
1995 
-270 
-6688 
-6805 
913 
7266 
1934 
709 
-1389 
-5940 
2092 
-3005 
-3411 
-1270 
-152 
-689 
7474 
-6984 
6320 
-5098 
-4746 
6155 
-5005 
-1773 
-2536 
-7444 
1045 
-6296 
3714 
-1557 
72 
-6970 
-2875 
-4302 
-2080 
-1141 
-2177 
-3619 
-1399 
-2448 
-2240 
70 
945 
-5225 
-264 
1429 
-329 
6153 
-3994 
6363 
6238 
6462 
-6546 
-5467 
3947 
2550 
6851 
-6231 
-4116 
1317 
-2513 
6718 
2187 
-2802 
5630 
2030 
3256 
-6900 
-1590 
-6548 
-6734 
433 
-4171 
-5842 
2147 
-2951 
-2771 
-7471 
-3716 
-7270 
-5233 
4394 
-5993 
-2911 
-3123 
1652 
-463 
-4709 
2379 
-6999 
-499 
6882 
1639 
5469 
-6355 
-6564 
4654 
-5660 
4319 
3974 
-2810 
4987 
-6265 
-1678 
1167 
-6756 
-5886 
4787 
6593 
7105 
-6510 
-7293 
4072 
-5201 
5229 
-4138 
5324 
-4531 
-6490 
-182 
-3263 
719 
74 
-5053 
2171 
6248 
-4637 
-1670 
-3419 
5495 
-7123 
3674 
-5825 
-5086 
-3595 
-5483 
2948 
-2235 
-4741 
-2031 
-950 
-2211 
320 
-4524 
-2306 
4653 
-4425 
-1440 
7117 
4332 
631 
3345 
929 
-1903 
6647 
6100 
-4212 
4538 
1454 
-3255 
6311 
5573 
-6519 
1933 
5887 
-4352 
525 
-586 
-6393 
-5205 
-1203 
3435 
7033 
-6273 
1676 
392 
-7287 
7271 
-1813 
-6848 
3437 
3287 
-4164 
-4036 
-4631 
4024 
3215 
-2063 
4195 
-6916 
-2823 
6405 
873 
-4148 
2712 
807 
4085 
-3520 
-5253 
5288 
5903 
1439 
7231 
7202 
4427 
4103 
-1314 
-694 
-3029 
-3956 
-6706 
-3293 
-1316 
6796 
1857 
-1964 
-71 
2591 
6069 
-5379 
-2287 
5390 
-1887 
-2753 
-2185 
-5414 
4154 
3061 
1276 
-3537 
4888 
-6336 
-5863 
775 
-5850 
-484 
6453 
-7245 
4824 
1969 
-4019 
7491 
-3923 
1756 
-5463 
1882 
-3285 
5389 
5544 
6218 
-1694 
-7192 
6554 
3359 
2037 
-6921 
3824 
2607 
649 
4 
-3836 
849 
-990 
1547 
5860 
5942 
-1309 
7385 
1024 
-4939 
-1378 
6104 
-1166 
7055 
6484 
2811 
-339 
-3130 
-4671 
-4780 
-2055 
-6607 
4977 
-2986 
-4983 
-5429 
464 
-3141 
-2603 
2897 
1018 
-5725 
5899 
1921 
5103 
-1332 
-4762 
6861 
2277 
2148 
6257 
-1297 
-3409 
-7281 
-6699 
2321 
-1984 
-4238 
-402 
632 
327 
6082 
6692 
1336 
-3599 
-5112 
-5311 
-2335 
-6842 
342 
6094 
-3943 
5161 
7404 
-3381 
3503 
-3355 
-1498 
-1067 
-4794 
254 
2201 
-7462 
295 
-3343 
-2706 
-3095 
-422 
3332 
-3314 
4376 
-3070 
188 
-4686 
-5524 
7043 
-1013 
956 
-999 
-6738 
273 
3093 
5798 
6135 
-4546 
-6180 
2465 
-7308 
2342 
-5221 
-6383 
6432 
1002 
5967 
-6084 
6933 
136 
-4379 
-2565 
-6054 
5984 
-2191 
-2354 
2597 
-3428 
-3986 
2271 
3903 
-5200 
-7378 
6655 
5549 
-2246 
-3023 
-6528 
6126 
-2457 
3028 
-4966 
4948 
3311 
-5375 
6918 
3356 
-2962 
7420 
-3060 
-6061 
-3876 
-6347 
-2307 
4730 
5954 
-6172 
3676 
4292 
4995 
-4812 
6391 
-5591 
1043 
296 
-7303 
-6792 
-3459 
-1253 
5961 
-4771 
485 
-3733 
-6444 
-6260 
833 
585 
-4972 
-5392 
3545 
3078 
-3384 
-6552 
2568 
2330 
2848 
4687 
4400 
7072 
-226 
1814 
1116 
5116 
-1014 
-2258 
1744 
2919 
-3699 
-4814 
-6896 
3497 
1895 
-1345 
-6635 
7270 
3810 
29 
-2015 
-5718 
-2714 
3657 
750 
1465 
-3492 
4922 
-4306 
-115 
-1264 
-5395 
7183 
-3604 
-5597 
-6811 
-4857 
6635 
-321 
-1422 
4501 
2942 
5129 
5258 
-2441 
-7028 
1872 
-6127 
